{
 "cells": [
  {
   "cell_type": "code",
   "execution_count": 1,
   "metadata": {},
   "outputs": [],
   "source": [
    "################################################################################\n",
    "# CSE 253: Programming Assignment 1\n",
    "# Code snippet by Jenny Hamer\n",
    "# Winter 2019\n",
    "################################################################################\n",
    "# We've provided you with the dataset in CAFE.tar.gz. To uncompress, use:\n",
    "# tar -xzvf CAFE.tar.gz\n",
    "################################################################################\n",
    "# To install PIL, refer to the instructions for your system:\n",
    "# https://pillow.readthedocs.io/en/5.2.x/installation.html\n",
    "################################################################################\n",
    "# If you don't have NumPy installed, please use the instructions here:\n",
    "# https://scipy.org/install.html\n",
    "################################################################################\n",
    "\n",
    "from os import listdir\n",
    "from PIL import Image\n",
    "import numpy as np\n",
    "\n",
    "\n",
    "# The relative path to your CAFE-Gamma dataset\n",
    "data_dir = \"./CAFE/\"\n",
    "\n",
    "# Dictionary of semantic \"label\" to emotions\n",
    "emotion_dict = {\"h\": \"happy\", \"ht\": \"happy with teeth\", \"m\": \"maudlin\",\n",
    "\t\"s\": \"surprise\", \"f\": \"fear\", \"a\": \"anger\", \"d\": \"disgust\", \"n\": \"neutral\"}\n",
    "\n",
    "\n",
    "def load_data(data_dir=\"./CAFE/\"):\n",
    "    \"\"\" Load all PGM images stored in your data directory into a list of NumPy\n",
    "    arrays with a list of corresponding labels.\n",
    "\n",
    "    Args:\n",
    "        data_dir: The relative filepath to the CAFE dataset.\n",
    "    Returns:\n",
    "        images: A list containing every image in CAFE as an array.\n",
    "        labels: A list of the corresponding labels (filenames) for each image.\n",
    "    \"\"\"\n",
    "    # Get the list of image file names\n",
    "    all_files = listdir(data_dir)\n",
    "\n",
    "    # Store the images as arrays and their labels in two lists\n",
    "    images = []\n",
    "    labels = []\n",
    "\n",
    "    for file in all_files:\n",
    "    # Load in the files as PIL images and convert to NumPy arrays\n",
    "        if file.find('_ht') == -1 and file.find('_n') == -1:\n",
    "            img = Image.open(data_dir + file)\n",
    "            images.append(np.array(img))\n",
    "            labels.append(file)\n",
    "\n",
    "    print(\"Total number of images:\", len(images), \"and labels:\", len(labels))\n",
    "\n",
    "    return images, labels\n",
    "\n",
    "\n"
   ]
  },
  {
   "cell_type": "code",
   "execution_count": 157,
   "metadata": {},
   "outputs": [],
   "source": [
    "def PCA(data_ori, dims_rescaled_data=2):\n",
    "    \"\"\"\n",
    "    returns: data transformed in 2 dims/columns + regenerated original data\n",
    "    pass in: data as 2D NumPy array\n",
    "    \"\"\"\n",
    "    data = data_ori.transpose()\n",
    "    import numpy as NP\n",
    "    from scipy import linalg as LA\n",
    "    m, n = data.shape\n",
    "    # mean center the data\n",
    "    data -= data.mean(axis=0)\n",
    "    data /= data.std(axis=0)\n",
    "    # calculate the covariance matrix\n",
    "    R = NP.cov(data, rowvar=False)\n",
    "    # calculate eigenvectors & eigenvalues of the covariance matrix\n",
    "    # use 'eigh' rather than 'eig' since R is symmetric, \n",
    "    # the performance gain is substantial\n",
    "    evals, evecs = LA.eigh(R)\n",
    "    print(evals.shape)\n",
    "    print(evecs.shape)\n",
    "    # sort eigenvalue in decreasing order\n",
    "    idx = NP.argsort(evals)[::-1]\n",
    "    evecs = evecs[:,idx]\n",
    "    # sort eigenvectors according to same index\n",
    "    evals = evals[idx]\n",
    "    # select the first n eigenvectors (n is desired dimension\n",
    "    # of resca?led data array, or dims_rescaled_data)\n",
    "    evecs = evecs[:, :dims_rescaled_data]\n",
    "    vect = NP.dot(evecs.T, data.T).T\n",
    "    # carry out the transformation on the data using eigenvectors\n",
    "    # and return the re-scaled data, eigenvalues, and eigenvectors\n",
    "    print(data_ori.shape)\n",
    "    print(vect.shape)\n",
    "    print(NP.matmul(data_ori,vect).shape)\n",
    "    vect = vect - vect.mean(axis = 0)\n",
    "    vect = vect / vect.std(axis = 0)\n",
    "    result = NP.matmul(data.transpose(),vect)\n",
    "    result = np.transpose(result.T - result.mean(axis = 1).T)\n",
    "    result = np.transpose(result.T / result.std(axis = 1).T)\n",
    "    return result,vect\n",
    "\n",
    "def test_PCA(data, dims_rescaled_data=2):\n",
    "    '''\n",
    "    test by attempting to recover original data array from\n",
    "    the eigenvectors of its covariance matrix & comparing that\n",
    "    'recovered' array with the original data\n",
    "    '''\n",
    "    _ , _ , eigenvectors = PCA(data, dim_rescaled_data=2)\n",
    "    data_recovered = NP.dot(eigenvectors, m).T\n",
    "    data_recovered += data_recovered.mean(axis=0)\n",
    "    assert NP.allclose(data, data_recovered)\n",
    "\n",
    "\n",
    "def plot_pca(data):\n",
    "    from matplotlib import pyplot as MPL\n",
    "    clr1 =  '#2026B2'\n",
    "    fig = MPL.figure()\n",
    "    ax1 = fig.add_subplot(111)\n",
    "    data_resc, data_orig = PCA(data)\n",
    "    ax1.plot(data_resc[:, 0], data_resc[:, 1], '.', mfc=clr1, mec=clr1)\n",
    "    MPL.show()\n"
   ]
  },
  {
   "cell_type": "code",
   "execution_count": 3,
   "metadata": {},
   "outputs": [
    {
     "name": "stdout",
     "output_type": "stream",
     "text": [
      "Total number of images: 60 and labels: 60\n"
     ]
    }
   ],
   "source": [
    "import numpy as np\n",
    "images, labels = load_data(data_dir=\"./CAFE/\")\n",
    "im = np.array(images[:48], 'float64')\n",
    "im_re = np.reshape(im, [len(im), -1])\n",
    "pca_result,evecs = PCA(im_re, dims_rescaled_data=6)"
   ]
  },
  {
   "cell_type": "code",
   "execution_count": 4,
   "metadata": {},
   "outputs": [],
   "source": [
    "evecs = evecs/evecs.std(axis=0)\n",
    "evecs = evecs-evecs.mean(axis=0)\n",
    "evecs_pic = np.reshape(np.transpose(evecs),[6,380,-1])"
   ]
  },
  {
   "cell_type": "code",
   "execution_count": 5,
   "metadata": {},
   "outputs": [],
   "source": [
    "def display_face(img):\n",
    "    \"\"\" Display the input image and optionally save as a PNG.\n",
    "\n",
    "    Args:\n",
    "    img: The NumPy array or image to display\n",
    "\n",
    "    Returns: None\n",
    "    \"\"\"\n",
    "    # Convert img to PIL Image object (if it's an ndarray)\n",
    "    if type(img) == np.ndarray:\n",
    "        print(\"Converting from array to PIL Image\")\n",
    "        im = (img - img.min())*(255/(img.max()-img.min()))\n",
    "        # normalize the img into 0-255\n",
    "        img = Image.fromarray(im)\n",
    "    # Display the image\n",
    "    img.show()"
   ]
  },
  {
   "cell_type": "code",
   "execution_count": 6,
   "metadata": {},
   "outputs": [
    {
     "name": "stdout",
     "output_type": "stream",
     "text": [
      "Converting from array to PIL Image\n",
      "Converting from array to PIL Image\n",
      "Converting from array to PIL Image\n",
      "Converting from array to PIL Image\n",
      "Converting from array to PIL Image\n",
      "Converting from array to PIL Image\n"
     ]
    }
   ],
   "source": [
    "display_face(evecs_pic[0,:,:])\n",
    "display_face(evecs_pic[1,:,:])\n",
    "display_face(evecs_pic[2,:,:])\n",
    "display_face(evecs_pic[3,:,:])\n",
    "display_face(evecs_pic[4,:,:])\n",
    "display_face(evecs_pic[5,:,:])\n",
    "\n"
   ]
  },
  {
   "cell_type": "code",
   "execution_count": 8,
   "metadata": {},
   "outputs": [],
   "source": [
    "def load_happy_sad(data_dir=\"./CAFE/\"):\n",
    "    \"\"\" Load all PGM images stored in your data directory into a list of NumPy\n",
    "    arrays with a list of corresponding labels.\n",
    "\n",
    "    Args:\n",
    "        data_dir: The relative filepath to the CAFE dataset.\n",
    "    Returns:\n",
    "        images: A list containing every image in CAFE as an array.\n",
    "        labels: A list of the corresponding labels (filenames) for each image.\n",
    "    \"\"\"\n",
    "    # Get the list of image file names\n",
    "    all_files = listdir(data_dir)\n",
    "\n",
    "    # Store the images as arrays and their labels in two lists\n",
    "    images = []\n",
    "    labels = []\n",
    "\n",
    "    for file in all_files:\n",
    "    # Load in the files as PIL images and convert to NumPy arrays\n",
    "        if file.find('_h') != -1 or file.find('_m')!=-1 :\n",
    "            img = Image.open(data_dir + file)\n",
    "            images.append(np.array(img))\n",
    "            labels.append(file)\n",
    "\n",
    "    print(\"Total number of h_m:\", len(images), \"and labels:\", len(labels))\n",
    "\n",
    "    return images, labels"
   ]
  },
  {
   "cell_type": "code",
   "execution_count": 9,
   "metadata": {},
   "outputs": [],
   "source": [
    "def get_sad(images, labels):\n",
    "    image_sad = []\n",
    "    for i in range(len(images)):\n",
    "        if labels[i].find('_m') != -1:\n",
    "            image_sad.append(images[i])\n",
    "    return image_sad"
   ]
  },
  {
   "cell_type": "code",
   "execution_count": 10,
   "metadata": {},
   "outputs": [],
   "source": [
    "sad_vector = get_sad(images, labels)\n",
    "sad =np.array(np.reshape(sad_vector,[len(sad_vector),-1]),'float64')"
   ]
  },
  {
   "cell_type": "code",
   "execution_count": 11,
   "metadata": {},
   "outputs": [],
   "source": [
    "def get_happy(images, labels):\n",
    "    image_happy = []\n",
    "    for i in range(len(images)):\n",
    "        if labels[i].find('_h') != -1:\n",
    "            image_happy.append(images[i])\n",
    "    return image_happy"
   ]
  },
  {
   "cell_type": "code",
   "execution_count": 12,
   "metadata": {},
   "outputs": [
    {
     "name": "stdout",
     "output_type": "stream",
     "text": [
      "(10, 380, 240)\n"
     ]
    }
   ],
   "source": [
    "happy_vector = get_happy(images, labels)\n",
    "print(np.array(happy_vector).shape)\n",
    "happy=np.array(np.reshape(happy_vector,[len(happy_vector),-1]),'float64')"
   ]
  },
  {
   "cell_type": "code",
   "execution_count": 129,
   "metadata": {},
   "outputs": [],
   "source": [
    "## TODO here for ten times, we need to random pick the training data and validation data.\n",
    "features = np.concatenate((sad[:8],happy[:8]),axis=0)\n",
    "labels_1 = np.concatenate(([0]*8,[1]*8),axis=0)"
   ]
  },
  {
   "cell_type": "code",
   "execution_count": 130,
   "metadata": {},
   "outputs": [],
   "source": [
    "holdout_feature = np.concatenate((sad[7:8],happy[7:8]),axis=0)\n",
    "holdout_label = np.concatenate(([0],[1]),axis=0)"
   ]
  },
  {
   "cell_type": "code",
   "execution_count": 131,
   "metadata": {},
   "outputs": [],
   "source": [
    "test_feature = np.concatenate((sad[8:9],happy[8:9]),axis=0)\n",
    "test_label = np.concatenate(([0],[1]),axis=0)"
   ]
  },
  {
   "cell_type": "code",
   "execution_count": 160,
   "metadata": {},
   "outputs": [
    {
     "name": "stdout",
     "output_type": "stream",
     "text": [
      "(16,)\n",
      "(16, 16)\n",
      "(16, 91200)\n",
      "(91200, 15)\n",
      "(16, 15)\n"
     ]
    }
   ],
   "source": [
    "features_pca, evect = PCA(features, dims_rescaled_data=15)"
   ]
  },
  {
   "cell_type": "code",
   "execution_count": null,
   "metadata": {},
   "outputs": [],
   "source": []
  },
  {
   "cell_type": "code",
   "execution_count": 212,
   "metadata": {},
   "outputs": [],
   "source": [
    "import math\n",
    "def sigmoid(scores):\n",
    "    return 1 / (1 + np.exp(-scores))\n",
    "def loss(t, y):\n",
    "    return -(t * np.log(y) +(1 - t) * np.log(1 - y)).mean()\n",
    "def accuracy(t,p):\n",
    "    return 1-1.0*sum(abs(t-(p>0.5)))/len(t)\n",
    "def logistic_regression(features, target, num_steps, learning_rate, add_intercept = False):\n",
    "    ce_loss = []\n",
    "    if add_intercept:\n",
    "        intercept = np.ones((features.shape[0], 1))\n",
    "        features = np.hstack((intercept, features))   \n",
    "    weights = np.zeros(features.shape[1])\n",
    "    for step in range(num_steps):\n",
    "        scores = np.dot(features, weights)\n",
    "        predictions = sigmoid(scores)\n",
    "        # Update weights with gradient\n",
    "        gradient = np.dot(features.T, target-predictions)\n",
    "        weights += learning_rate * gradient\n",
    "        # Print log-likelihood every so often\n",
    "        ce_loss.append(loss(target,sigmoid(np.dot(features,weights))))\n",
    "    return weights,ce_loss"
   ]
  },
  {
   "cell_type": "code",
   "execution_count": 213,
   "metadata": {},
   "outputs": [],
   "source": [
    "loss_overall=[]\n",
    "for i in range(10):\n",
    "    [weight,ce_loss] = logistic_regression(features_pca, labels_1, 10, 0.1, add_intercept = False)\n",
    "    loss_overall.append(ce_loss)\n",
    "    ## TODO need to know how many graph need to print."
   ]
  },
  {
   "cell_type": "code",
   "execution_count": null,
   "metadata": {},
   "outputs": [],
   "source": []
  },
  {
   "cell_type": "code",
   "execution_count": 198,
   "metadata": {},
   "outputs": [],
   "source": [
    "holdout_pca = np.dot(holdout_feature,evect)\n",
    "holdout_pca = holdout_pca - holdout_pca.mean()\n",
    "holdout_pca = holdout_pca / holdout_pca.std()"
   ]
  },
  {
   "cell_type": "code",
   "execution_count": 164,
   "metadata": {},
   "outputs": [
    {
     "data": {
      "text/plain": [
       "array([[-3.59456151,  0.82955879,  1.50045876,  0.37629237,  0.27772601,\n",
       "        -0.08406059, -0.45896371,  0.04358075,  0.11146505, -0.29916364,\n",
       "        -0.98522272,  0.99948702, -0.06402932, -0.05704641,  0.29104213],\n",
       "       [-1.97691541,  2.04132495, -1.1899904 ,  0.40191635,  0.53067138,\n",
       "        -0.13887111,  0.37930887,  0.84190681,  0.20134868,  0.08671695,\n",
       "         0.31215654,  0.27197625, -0.68661055,  0.15992016, -0.12142244]])"
      ]
     },
     "execution_count": 164,
     "metadata": {},
     "output_type": "execute_result"
    }
   ],
   "source": [
    "holdout_pca"
   ]
  },
  {
   "cell_type": "code",
   "execution_count": 165,
   "metadata": {},
   "outputs": [],
   "source": [
    "holdout_result = sigmoid(np.dot(holdout_pca,weight)) "
   ]
  },
  {
   "cell_type": "code",
   "execution_count": 166,
   "metadata": {},
   "outputs": [
    {
     "data": {
      "text/plain": [
       "array([0.1421452 , 0.67520279])"
      ]
     },
     "execution_count": 166,
     "metadata": {},
     "output_type": "execute_result"
    }
   ],
   "source": [
    "holdout_result"
   ]
  },
  {
   "cell_type": "code",
   "execution_count": 324,
   "metadata": {},
   "outputs": [],
   "source": [
    "from random import shuffle\n",
    "def shuffle_n_generate_data(train, target):\n",
    "    length = len(train)\n",
    "    train = np.array(train,'float64')\n",
    "    target = np.array(target)\n",
    "    ind_list = [i for i in range(length)]\n",
    "    shuffle(ind_list)\n",
    "    print(np.array(ind_list).shape)\n",
    "    train_new  = train[ind_list,:,:]\n",
    "    target_new = target[ind_list,]\n",
    "    return train_new, target_new"
   ]
  },
  {
   "cell_type": "code",
   "execution_count": 325,
   "metadata": {},
   "outputs": [],
   "source": [
    "def get_data_for_softmax_re(images, labels):\n",
    "    train = []\n",
    "    target = []\n",
    "    for i in range(len(images)):\n",
    "        if labels[i].find('_ht') == -1 and labels[i].find('_n') == -1 :\n",
    "            train.append(images[i])\n",
    "            if labels[i].find('_h') !=-1:\n",
    "                target.append(0)\n",
    "            elif labels[i].find('_m') !=-1:\n",
    "                target.append(1)\n",
    "            elif labels[i].find('_s') !=-1:\n",
    "                target.append(2)\n",
    "            elif labels[i].find('_f') !=-1:\n",
    "                target.append(3)\n",
    "            elif labels[i].find('_a') !=-1:\n",
    "                target.append(4)\n",
    "            elif labels[i].find('_d') !=-1:\n",
    "                target.append(5)\n",
    "    return train, target"
   ]
  },
  {
   "cell_type": "code",
   "execution_count": 326,
   "metadata": {},
   "outputs": [],
   "source": [
    "[image_softmax, label_softmax] = get_data_for_softmax_re(images, labels)"
   ]
  },
  {
   "cell_type": "code",
   "execution_count": 327,
   "metadata": {},
   "outputs": [
    {
     "name": "stdout",
     "output_type": "stream",
     "text": [
      "(60,)\n"
     ]
    }
   ],
   "source": [
    "image_softmax,label_softmax= shuffle_n_generate_data(image_softmax, label_softmax)"
   ]
  },
  {
   "cell_type": "code",
   "execution_count": 328,
   "metadata": {},
   "outputs": [],
   "source": [
    "devision = int(0.8*len(image_softmax))\n",
    "devision_2 = int(0.9*len(image_softmax))\n",
    "train_softmax  = image_softmax[:devision,:,:]\n",
    "train_label_softmax  = label_softmax[:devision]\n",
    "handout_softmax  = image_softmax[devision:devision_2,:,:]\n",
    "handout_label_softmax  = label_softmax[devision:devision_2]\n",
    "test_softmax  = image_softmax[devision_2:,:,:]\n",
    "test_label_softmax  = label_softmax[devision_2:]"
   ]
  },
  {
   "cell_type": "code",
   "execution_count": 329,
   "metadata": {},
   "outputs": [
    {
     "data": {
      "text/plain": [
       "(48, 380, 240)"
      ]
     },
     "execution_count": 329,
     "metadata": {},
     "output_type": "execute_result"
    }
   ],
   "source": [
    "train_softmax.shape"
   ]
  },
  {
   "cell_type": "code",
   "execution_count": null,
   "metadata": {},
   "outputs": [],
   "source": []
  },
  {
   "cell_type": "code",
   "execution_count": null,
   "metadata": {},
   "outputs": [],
   "source": []
  },
  {
   "cell_type": "code",
   "execution_count": 388,
   "metadata": {},
   "outputs": [],
   "source": [
    "def oneHot(Y):\n",
    "    result = []\n",
    "    for i in range(len(Y)):\n",
    "        onehot = [0]*(int(Y.max())+1)\n",
    "        onehot[Y[i]] = 1\n",
    "        result.append(onehot)\n",
    "    return result\n",
    "def softmax(x):\n",
    "    \"\"\"Compute softmax values for each sets of scores in x.\"\"\"\n",
    "    e_x = np.exp(x.T - np.max(x,axis=1).T)\n",
    "    return np.transpose(e_x / e_x.sum(axis=0))\n",
    "def sofmat_regression(x,y,lam, epoch,learningRate):\n",
    "    losses = []\n",
    "    weight = np.zeros([x.shape[1],len(np.unique(y))])\n",
    "    m = x.shape[0] #First we get the number of training examples\n",
    "    y_mat = oneHot(y) #Next we convert the integer class coding into a one-hot representation\n",
    "    for i in range(0,epoch):\n",
    "        scores = np.dot(x,weight) #Then we compute raw class scores given our input and current weights\n",
    "        prob = softmax(scores) #Next we perform a softmax on these scores to get their probabilities\n",
    "        print(prob)\n",
    "        loss = (-1 / m) * np.sum(y_mat * np.log(prob)) + (lam/2)*np.sum(weight*weight) #We then find the loss of the probabilities\n",
    "        grad = (-1 / m) * np.dot(x.T,(y_mat - prob)) + lam*weight #And compute the gradient for that loss\n",
    "        losses.append(loss)\n",
    "        print(loss)\n",
    "        weight = weight + (learningRate * grad)\n",
    "    return weight, loss\n",
    "        "
   ]
  },
  {
   "cell_type": "code",
   "execution_count": 382,
   "metadata": {},
   "outputs": [
    {
     "name": "stdout",
     "output_type": "stream",
     "text": [
      "(48,)\n",
      "(48, 48)\n",
      "(48, 91200)\n",
      "(91200, 47)\n",
      "(48, 47)\n"
     ]
    }
   ],
   "source": [
    "features_softmax_pca, evect_softmax = PCA(np.reshape(train_softmax,[len(train_softmax),-1]), dims_rescaled_data=47)"
   ]
  },
  {
   "cell_type": "code",
   "execution_count": 392,
   "metadata": {},
   "outputs": [
    {
     "name": "stdout",
     "output_type": "stream",
     "text": [
      "[[0.16666667 0.16666667 0.16666667 0.16666667 0.16666667 0.16666667]\n",
      " [0.16666667 0.16666667 0.16666667 0.16666667 0.16666667 0.16666667]\n",
      " [0.16666667 0.16666667 0.16666667 0.16666667 0.16666667 0.16666667]\n",
      " [0.16666667 0.16666667 0.16666667 0.16666667 0.16666667 0.16666667]\n",
      " [0.16666667 0.16666667 0.16666667 0.16666667 0.16666667 0.16666667]\n",
      " [0.16666667 0.16666667 0.16666667 0.16666667 0.16666667 0.16666667]\n",
      " [0.16666667 0.16666667 0.16666667 0.16666667 0.16666667 0.16666667]\n",
      " [0.16666667 0.16666667 0.16666667 0.16666667 0.16666667 0.16666667]\n",
      " [0.16666667 0.16666667 0.16666667 0.16666667 0.16666667 0.16666667]\n",
      " [0.16666667 0.16666667 0.16666667 0.16666667 0.16666667 0.16666667]\n",
      " [0.16666667 0.16666667 0.16666667 0.16666667 0.16666667 0.16666667]\n",
      " [0.16666667 0.16666667 0.16666667 0.16666667 0.16666667 0.16666667]\n",
      " [0.16666667 0.16666667 0.16666667 0.16666667 0.16666667 0.16666667]\n",
      " [0.16666667 0.16666667 0.16666667 0.16666667 0.16666667 0.16666667]\n",
      " [0.16666667 0.16666667 0.16666667 0.16666667 0.16666667 0.16666667]\n",
      " [0.16666667 0.16666667 0.16666667 0.16666667 0.16666667 0.16666667]\n",
      " [0.16666667 0.16666667 0.16666667 0.16666667 0.16666667 0.16666667]\n",
      " [0.16666667 0.16666667 0.16666667 0.16666667 0.16666667 0.16666667]\n",
      " [0.16666667 0.16666667 0.16666667 0.16666667 0.16666667 0.16666667]\n",
      " [0.16666667 0.16666667 0.16666667 0.16666667 0.16666667 0.16666667]\n",
      " [0.16666667 0.16666667 0.16666667 0.16666667 0.16666667 0.16666667]\n",
      " [0.16666667 0.16666667 0.16666667 0.16666667 0.16666667 0.16666667]\n",
      " [0.16666667 0.16666667 0.16666667 0.16666667 0.16666667 0.16666667]\n",
      " [0.16666667 0.16666667 0.16666667 0.16666667 0.16666667 0.16666667]\n",
      " [0.16666667 0.16666667 0.16666667 0.16666667 0.16666667 0.16666667]\n",
      " [0.16666667 0.16666667 0.16666667 0.16666667 0.16666667 0.16666667]\n",
      " [0.16666667 0.16666667 0.16666667 0.16666667 0.16666667 0.16666667]\n",
      " [0.16666667 0.16666667 0.16666667 0.16666667 0.16666667 0.16666667]\n",
      " [0.16666667 0.16666667 0.16666667 0.16666667 0.16666667 0.16666667]\n",
      " [0.16666667 0.16666667 0.16666667 0.16666667 0.16666667 0.16666667]\n",
      " [0.16666667 0.16666667 0.16666667 0.16666667 0.16666667 0.16666667]\n",
      " [0.16666667 0.16666667 0.16666667 0.16666667 0.16666667 0.16666667]\n",
      " [0.16666667 0.16666667 0.16666667 0.16666667 0.16666667 0.16666667]\n",
      " [0.16666667 0.16666667 0.16666667 0.16666667 0.16666667 0.16666667]\n",
      " [0.16666667 0.16666667 0.16666667 0.16666667 0.16666667 0.16666667]\n",
      " [0.16666667 0.16666667 0.16666667 0.16666667 0.16666667 0.16666667]\n",
      " [0.16666667 0.16666667 0.16666667 0.16666667 0.16666667 0.16666667]\n",
      " [0.16666667 0.16666667 0.16666667 0.16666667 0.16666667 0.16666667]\n",
      " [0.16666667 0.16666667 0.16666667 0.16666667 0.16666667 0.16666667]\n",
      " [0.16666667 0.16666667 0.16666667 0.16666667 0.16666667 0.16666667]\n",
      " [0.16666667 0.16666667 0.16666667 0.16666667 0.16666667 0.16666667]\n",
      " [0.16666667 0.16666667 0.16666667 0.16666667 0.16666667 0.16666667]\n",
      " [0.16666667 0.16666667 0.16666667 0.16666667 0.16666667 0.16666667]\n",
      " [0.16666667 0.16666667 0.16666667 0.16666667 0.16666667 0.16666667]\n",
      " [0.16666667 0.16666667 0.16666667 0.16666667 0.16666667 0.16666667]\n",
      " [0.16666667 0.16666667 0.16666667 0.16666667 0.16666667 0.16666667]\n",
      " [0.16666667 0.16666667 0.16666667 0.16666667 0.16666667 0.16666667]\n",
      " [0.16666667 0.16666667 0.16666667 0.16666667 0.16666667 0.16666667]]\n",
      "1.791759469228055\n",
      "[[0.16006429 0.16738282 0.16125764 0.16202924 0.18192845 0.16733756]\n",
      " [0.17275609 0.16854754 0.15871263 0.16196765 0.16907946 0.16893663]\n",
      " [0.15940148 0.1718232  0.15652435 0.15712755 0.1797573  0.17536612]\n",
      " [0.17961693 0.16829951 0.14839261 0.15145498 0.17953567 0.17270029]\n",
      " [0.16560805 0.17813535 0.15586778 0.15566895 0.17353571 0.17118416]\n",
      " [0.16091133 0.17125065 0.16286002 0.16705595 0.17500011 0.16292195]\n",
      " [0.16799451 0.17285072 0.15167013 0.15445667 0.17795861 0.17506936]\n",
      " [0.16901165 0.16439579 0.15649649 0.15751063 0.18133376 0.17125168]\n",
      " [0.16757899 0.17019521 0.14661359 0.1588295  0.17781543 0.17896727]\n",
      " [0.16402806 0.1711968  0.15917674 0.16211721 0.17146283 0.17201836]\n",
      " [0.15327606 0.17621432 0.16050035 0.16747046 0.17631867 0.16622014]\n",
      " [0.16604134 0.17638638 0.14704732 0.16586254 0.17157554 0.17308688]\n",
      " [0.16925089 0.16571742 0.15629721 0.15459116 0.17953335 0.17460998]\n",
      " [0.15840334 0.18036536 0.16494389 0.16858766 0.16234368 0.16535607]\n",
      " [0.17539919 0.16799194 0.16853432 0.14744232 0.17402347 0.16660877]\n",
      " [0.1723659  0.17144581 0.17183446 0.15543656 0.17031605 0.15860122]\n",
      " [0.17293844 0.17059183 0.1600596  0.15688555 0.17628465 0.16323993]\n",
      " [0.16726653 0.17173798 0.16962275 0.15455664 0.17251239 0.16430371]\n",
      " [0.15571168 0.1788804  0.16438556 0.16237992 0.17409629 0.16454615]\n",
      " [0.16321392 0.17097143 0.15977116 0.16405762 0.17317959 0.16880627]\n",
      " [0.15701165 0.18022834 0.16546244 0.1677927  0.16874513 0.16075975]\n",
      " [0.17096168 0.17731832 0.16212928 0.16069338 0.1629053  0.16599204]\n",
      " [0.17020916 0.16996906 0.15793941 0.14832429 0.17918325 0.17437483]\n",
      " [0.16546971 0.18009193 0.14762785 0.1624986  0.17147087 0.17284105]\n",
      " [0.16933196 0.16835503 0.15822269 0.15596414 0.17464262 0.17348356]\n",
      " [0.17261226 0.17811785 0.14598046 0.15613948 0.17515296 0.17199698]\n",
      " [0.17973771 0.17015299 0.16035733 0.15665788 0.16441675 0.16867734]\n",
      " [0.16956958 0.16667933 0.15949423 0.15850569 0.1803936  0.16535757]\n",
      " [0.15674157 0.17618858 0.16394404 0.1599049  0.17790057 0.16532034]\n",
      " [0.17610638 0.17114527 0.14468719 0.15795618 0.17505116 0.17505382]\n",
      " [0.16892189 0.17017891 0.14804366 0.15748283 0.17831204 0.17706066]\n",
      " [0.16963565 0.17576975 0.16054644 0.15005726 0.17489562 0.16909527]\n",
      " [0.16575184 0.18125935 0.16057503 0.16228981 0.16771661 0.16240735]\n",
      " [0.15443777 0.18266428 0.15950467 0.16658393 0.16833266 0.16847669]\n",
      " [0.17774053 0.16365066 0.16087336 0.15696462 0.17238285 0.168388  ]\n",
      " [0.17754596 0.16426096 0.15624079 0.15142218 0.17984994 0.17068016]\n",
      " [0.17228367 0.17239288 0.15000717 0.15727478 0.17670647 0.17133503]\n",
      " [0.17238459 0.1722709  0.15863037 0.16047968 0.16686852 0.16936594]\n",
      " [0.16763978 0.17194639 0.16397514 0.16282396 0.17211564 0.16149908]\n",
      " [0.16310423 0.17174341 0.16030306 0.16337735 0.16884123 0.17263073]\n",
      " [0.17566758 0.17042926 0.14980632 0.15327261 0.17871652 0.17210771]\n",
      " [0.15911727 0.17178079 0.16134292 0.16145998 0.17422884 0.17207019]\n",
      " [0.16407774 0.17074576 0.1634839  0.15618053 0.17985511 0.16565696]\n",
      " [0.15997422 0.17913359 0.15836392 0.15968776 0.17328278 0.16955773]\n",
      " [0.17296088 0.16635761 0.15483026 0.15079601 0.18231712 0.17273812]\n",
      " [0.17358048 0.16916021 0.1587696  0.15696842 0.17258406 0.16893724]\n",
      " [0.17221339 0.17023446 0.15968835 0.16169912 0.16662972 0.16953496]\n",
      " [0.17278165 0.16675679 0.15189814 0.15275363 0.18234565 0.17346414]]\n",
      "1.8481169349271906\n",
      "[[0.15224575 0.16935084 0.1511002  0.15291303 0.20559967 0.16879051]\n",
      " [0.18041642 0.17295691 0.14590384 0.15317658 0.17493869 0.17260755]\n",
      " [0.15047189 0.17935766 0.14086143 0.14238027 0.19997629 0.18695246]\n",
      " [0.1957236  0.17060222 0.12462143 0.13043197 0.19868422 0.17993656]\n",
      " [0.16355083 0.19500229 0.13982776 0.14002054 0.18449707 0.17710152]\n",
      " [0.15391508 0.17919186 0.15465638 0.16430526 0.18864701 0.15928441]\n",
      " [0.16889271 0.18182152 0.13093051 0.13667368 0.19556022 0.18612137]\n",
      " [0.17169456 0.16253355 0.14102764 0.14316347 0.20409465 0.17748612]\n",
      " [0.16774766 0.17528786 0.12152497 0.14541433 0.19484727 0.1951779 ]\n",
      " [0.16077294 0.17902738 0.14656454 0.15314406 0.18071716 0.17977392]\n",
      " [0.13777475 0.19044527 0.14960047 0.16514042 0.19104198 0.16599709]\n",
      " [0.16424968 0.19043634 0.12323588 0.16163566 0.17924427 0.18119817]\n",
      " [0.17209467 0.16565738 0.14016631 0.1369728  0.1998277  0.18528114]\n",
      " [0.14826785 0.20027504 0.16028422 0.16888774 0.15837654 0.16390861]\n",
      " [0.18665407 0.16952369 0.16834726 0.12481567 0.18439137 0.16626793]\n",
      " [0.17982878 0.17814719 0.1757655  0.14042213 0.17635946 0.14947693]\n",
      " [0.18094082 0.17706796 0.14828201 0.14197182 0.19193919 0.15979819]\n",
      " [0.16838344 0.17912533 0.17033884 0.13832663 0.18198767 0.16183808]\n",
      " [0.14294562 0.19705519 0.15761804 0.15389597 0.18608246 0.16240272]\n",
      " [0.158863   0.17862157 0.14813069 0.15773228 0.18437549 0.17227696]\n",
      " [0.14539256 0.20027913 0.16064981 0.16642237 0.17306381 0.15419232]\n",
      " [0.17635378 0.19323704 0.15333188 0.1505627  0.16075844 0.16575615]\n",
      " [0.17404093 0.17472543 0.14352415 0.12500107 0.19834879 0.18435963]\n",
      " [0.1628979  0.19933312 0.12402684 0.15408537 0.17908233 0.18057445]\n",
      " [0.1724777  0.17207973 0.14411367 0.13987734 0.18843108 0.18302049]\n",
      " [0.17905467 0.19389028 0.12072678 0.14040208 0.18760817 0.17831802]\n",
      " [0.19721246 0.17574566 0.1494625  0.14192048 0.16404332 0.17161558]\n",
      " [0.17321322 0.16749414 0.14768574 0.14562809 0.20161888 0.16435993]\n",
      " [0.14512899 0.19050646 0.15618424 0.14823391 0.19570848 0.16423792]\n",
      " [0.18735475 0.17710093 0.11872195 0.14433246 0.18709763 0.18539228]\n",
      " [0.17085074 0.17545267 0.12406631 0.14262067 0.19627516 0.19073445]\n",
      " [0.17294658 0.18880621 0.14942597 0.12880531 0.18777984 0.17223609]\n",
      " [0.16438195 0.20282877 0.14991917 0.15382408 0.17122676 0.15781926]\n",
      " [0.13992814 0.20594481 0.14797048 0.16366533 0.17176161 0.17072964]\n",
      " [0.19235909 0.16116602 0.15078588 0.14277291 0.18194853 0.17096758]\n",
      " [0.19132411 0.16193469 0.1403631  0.13093066 0.19976321 0.17568423]\n",
      " [0.1786254  0.18092176 0.12818366 0.14281989 0.19210165 0.17734764]\n",
      " [0.17970712 0.18145444 0.14546747 0.14956701 0.17018361 0.17362035]\n",
      " [0.16881489 0.18070208 0.15715383 0.15523234 0.18184603 0.15625083]\n",
      " [0.15880782 0.18014015 0.14915376 0.15605014 0.17460755 0.18124058]\n",
      " [0.18640629 0.17609654 0.12720148 0.13410034 0.19721902 0.17897633]\n",
      " [0.15020652 0.18009955 0.15106564 0.15177823 0.18706496 0.17978511]\n",
      " [0.16080299 0.17733865 0.15530652 0.14062103 0.2007613  0.16516951]\n",
      " [0.1514485  0.19729743 0.14557257 0.14894299 0.18343183 0.17330668]\n",
      " [0.18034278 0.16633987 0.13736149 0.12957608 0.20597638 0.1804034 ]\n",
      " [0.1822445  0.17401003 0.14577307 0.14256873 0.18297068 0.17243299]\n",
      " [0.17923625 0.17683728 0.14788014 0.15255461 0.16947279 0.17401893]\n",
      " [0.17987222 0.16711439 0.13167741 0.13331182 0.20596956 0.1820546 ]]\n",
      "1.937496377007281\n",
      "[[0.14225395 0.17278483 0.1337787  0.13681807 0.24374652 0.17061793]\n",
      " [0.18942356 0.18133741 0.1264564  0.13801746 0.186869   0.17789618]\n",
      " [0.13861886 0.18968397 0.11787062 0.12047729 0.23196258 0.20138667]\n",
      " [0.21399839 0.17298618 0.09524824 0.10284172 0.22767553 0.18724992]\n",
      " [0.15910006 0.21986093 0.11699915 0.11812744 0.20194085 0.18397157]\n",
      " [0.14500256 0.19246128 0.1396846  0.15563361 0.21159217 0.15562578]\n",
      " [0.16764515 0.19411362 0.10358467 0.11177692 0.2233922  0.19948745]\n",
      " [0.17350032 0.16079901 0.11851702 0.12170731 0.24051962 0.18495671]\n",
      " [0.16545141 0.1819074  0.09168298 0.12410522 0.2213126  0.2155404 ]\n",
      " [0.15602156 0.19187465 0.12677789 0.13721146 0.19770433 0.19041011]\n",
      " [0.1197636  0.21187357 0.13186251 0.15672141 0.21419026 0.16558865]\n",
      " [0.16008968 0.21093607 0.09553855 0.15126285 0.19129313 0.19087972]\n",
      " [0.17377586 0.16632717 0.11643653 0.11232681 0.23258373 0.1985499 ]\n",
      " [0.13579947 0.23019925 0.15083127 0.1656663  0.15538962 0.16211409]\n",
      " [0.20085244 0.17111701 0.16416113 0.09925135 0.19941136 0.16520671]\n",
      " [0.18937566 0.18765259 0.17644238 0.12095132 0.18644836 0.1391297 ]\n",
      " [0.19012325 0.18703695 0.12899065 0.12020011 0.21786827 0.15578077]\n",
      " [0.16980511 0.18988757 0.16639497 0.11725469 0.19758459 0.15907307]\n",
      " [0.12773749 0.22457192 0.14351412 0.13872843 0.20569139 0.15975665]\n",
      " [0.15280192 0.19148658 0.12975226 0.14511011 0.20366041 0.17718873]\n",
      " [0.13130947 0.2308743  0.14982054 0.16009421 0.18122499 0.14667649]\n",
      " [0.18255332 0.21754442 0.13810373 0.13434828 0.16160727 0.16584297]\n",
      " [0.17670396 0.18083446 0.12132428 0.09656716 0.22834865 0.1962215 ]\n",
      " [0.15751406 0.22720632 0.09599524 0.13883507 0.19100102 0.18944829]\n",
      " [0.17499441 0.17846485 0.12219376 0.11670445 0.21214514 0.19549739]\n",
      " [0.18454479 0.2154263  0.09133711 0.11785339 0.20606826 0.18477015]\n",
      " [0.22017065 0.18435663 0.1319965  0.12110836 0.1670021  0.17536576]\n",
      " [0.17681136 0.16907665 0.12920896 0.12620601 0.23553673 0.16316029]\n",
      " [0.13096606 0.21196156 0.14026581 0.12927559 0.22469415 0.16283683]\n",
      " [0.19964053 0.18466495 0.08949961 0.1241193  0.20471873 0.19735687]\n",
      " [0.17072097 0.18254514 0.09468871 0.11995075 0.22447504 0.20761939]\n",
      " [0.17553573 0.20732335 0.13096447 0.10250132 0.20818861 0.17548652]\n",
      " [0.16167104 0.2355023  0.13257765 0.13892523 0.17887288 0.1524509 ]\n",
      " [0.1226562  0.24073325 0.13029027 0.15534317 0.17800065 0.17297646]\n",
      " [0.21116171 0.15945439 0.13442125 0.12273805 0.19795966 0.17426494]\n",
      " [0.20744855 0.15922948 0.11735171 0.10451558 0.23058287 0.18087181]\n",
      " [0.1844137  0.19312019 0.10079019 0.12138167 0.21613892 0.18415532]\n",
      " [0.18832682 0.19614386 0.12526991 0.13170937 0.17895885 0.17959119]\n",
      " [0.16969191 0.19498665 0.14374749 0.14166232 0.19910084 0.15081079]\n",
      " [0.15305089 0.19367558 0.13114457 0.14218162 0.18669187 0.19325547]\n",
      " [0.19746198 0.18374695 0.09841627 0.10787912 0.2261205  0.18637518]\n",
      " [0.13911153 0.19315307 0.13340125 0.13519291 0.20897236 0.19016889]\n",
      " [0.15568019 0.18725923 0.13910367 0.11831518 0.2349603  0.16468143]\n",
      " [0.14013307 0.22413028 0.12658531 0.13251519 0.1991202  0.17751596]\n",
      " [0.18738965 0.16596292 0.11275613 0.10236736 0.24268455 0.18883939]\n",
      " [0.19221669 0.18227871 0.12570382 0.12179353 0.20096698 0.17704028]\n",
      " [0.18752634 0.18824401 0.12930163 0.13700229 0.17746767 0.18045805]\n",
      " [0.18645031 0.16702407 0.10511005 0.10730267 0.2424644  0.1916485 ]]\n",
      "2.0837320165203477\n",
      "[[0.127641   0.17649623 0.10706576 0.11113673 0.30730801 0.17035227]\n",
      " [0.1977354  0.1953309  0.09937702 0.11420682 0.20953341 0.18381645]\n",
      " [0.12126986 0.20167904 0.08709456 0.09049923 0.28356539 0.21589192]\n",
      " [0.22991875 0.17352486 0.06260739 0.0702432  0.27261324 0.19109256]\n",
      " [0.14912062 0.25567404 0.08712449 0.08929729 0.22949584 0.18928772]\n",
      " [0.13231292 0.2133856  0.11556126 0.13710436 0.25106372 0.15057215]\n",
      " [0.16012611 0.20886914 0.0709449  0.07995134 0.26806587 0.21204264]\n",
      " [0.17064579 0.15748681 0.08839071 0.09216758 0.30050268 0.19080643]\n",
      " [0.15689484 0.18870584 0.05956618 0.09386224 0.26327888 0.23769201]\n",
      " [0.14725358 0.21143406 0.09857376 0.11179715 0.22818416 0.20275729]\n",
      " [0.09838701 0.24359489 0.10559051 0.1380216  0.2513457  0.16306029]\n",
      " [0.15113833 0.24075105 0.06575657 0.13142594 0.21031771 0.20061042]\n",
      " [0.1701428  0.16608756 0.08485344 0.08074736 0.28666969 0.21149915]\n",
      " [0.12012935 0.27659161 0.13427315 0.1558188  0.1541622  0.15902489]\n",
      " [0.21778926 0.17227736 0.15333308 0.07219684 0.22198838 0.16241507]\n",
      " [0.2007169  0.20103837 0.17066856 0.09697851 0.20353393 0.12706372]\n",
      " [0.19731852 0.20060594 0.10058007 0.09084714 0.26162503 0.14902329]\n",
      " [0.17033529 0.2051383  0.15428724 0.09139065 0.22379367 0.15505486]\n",
      " [0.10862257 0.26585752 0.11901468 0.11415261 0.23783179 0.15452084]\n",
      " [0.14281912 0.21172408 0.10316397 0.12306121 0.23705032 0.18218129]\n",
      " [0.11368448 0.27854616 0.13006755 0.14507603 0.19560368 0.1370221 ]\n",
      " [0.18770364 0.25497507 0.1144393  0.1103109  0.16753074 0.16504035]\n",
      " [0.17422304 0.18675699 0.0906839  0.06482925 0.27644764 0.20705918]\n",
      " [0.14648392 0.26735831 0.06536195 0.11420023 0.20939429 0.19720129]\n",
      " [0.17323274 0.18708866 0.09161499 0.08605112 0.2531628  0.2088497 ]\n",
      " [0.18537332 0.2438267  0.06018073 0.08825929 0.23376928 0.18859068]\n",
      " [0.2483618  0.19678844 0.10658142 0.09384253 0.17571589 0.17870991]\n",
      " [0.17735058 0.17013496 0.10247263 0.09896574 0.29150475 0.15957134]\n",
      " [0.11221809 0.24254552 0.11310397 0.10100815 0.27265001 0.15847426]\n",
      " [0.21021598 0.19339731 0.05939705 0.09669543 0.23118893 0.20910529]\n",
      " [0.16437375 0.19012491 0.06215162 0.08882151 0.26963423 0.22489398]\n",
      " [0.17428434 0.23255651 0.10352837 0.07222483 0.24091757 0.17648838]\n",
      " [0.15510679 0.28539416 0.10676674 0.11509586 0.19304877 0.14458769]\n",
      " [0.10180458 0.2935065  0.10508157 0.13796511 0.18830696 0.17333528]\n",
      " [0.2332799  0.15828252 0.11015301 0.09626831 0.22502497 0.1769913 ]\n",
      " [0.22234388 0.15454263 0.08698575 0.07327368 0.27955669 0.18329738]\n",
      " [0.18585938 0.20914138 0.06932686 0.09210588 0.25440133 0.18916517]\n",
      " [0.19590345 0.21862442 0.09707946 0.10515812 0.19721639 0.18601817]\n",
      " [0.1681971  0.21741077 0.12112896 0.11954961 0.22969959 0.14401397]\n",
      " [0.14374919 0.21442192 0.1047433  0.11902652 0.20986797 0.20819111]\n",
      " [0.20402372 0.19208656 0.06544202 0.07540319 0.27219981 0.19084469]\n",
      " [0.12379252 0.21212061 0.10634954 0.10934098 0.24664006 0.20175629]\n",
      " [0.14549246 0.2000258  0.11193903 0.08851818 0.29243174 0.16159279]\n",
      " [0.12418662 0.26360433 0.10025622 0.10847308 0.22328446 0.18019529]\n",
      " [0.18963637 0.16302341 0.08122702 0.07044505 0.30110438 0.19456377]\n",
      " [0.20080058 0.19469534 0.09750802 0.09377465 0.23214421 0.1810772 ]\n",
      " [0.19512337 0.20669227 0.10270448 0.11288411 0.1945535  0.18804226]\n",
      " [0.18803313 0.16419533 0.07322539 0.07552977 0.30025683 0.19875955]]\n",
      "2.3319135314883015\n",
