Total number of images: 50000 and labels: 50000
Total number of images: 10000 and labels: 10000
Total number of images: 10000 and labels: 10000
[[0 0 0 0 1 0 0 0 0 0]
 [0 0 0 0 0 0 1 0 0 0]
 [0 0 0 0 1 0 0 0 0 0]
 [0 1 0 0 0 0 0 0 0 0]]
[[5.18855373e-03 1.07844425e-02 1.04912708e-01 1.29771570e-01
  4.68117297e-02 1.47729148e-02 5.31706282e-03 4.48004919e-01
  1.29245495e-02 2.21511550e-01]
 [2.95852761e-03 4.11677615e-01 1.83364102e-01 3.31941303e-02
  4.79618674e-02 6.25564485e-05 1.00161881e-01 6.70575968e-02
  2.28402947e-02 1.30721429e-01]
 [1.30209018e-02 2.07138621e-02 6.68291927e-01 4.61154823e-03
  8.94315483e-02 5.70128639e-02 2.85626552e-02 4.75094119e-02
  3.60679370e-03 6.72384879e-02]
 [3.58613172e-03 5.49174604e-01 3.09596884e-02 1.58882517e-02
  4.25682569e-02 2.20267328e-01 6.11816832e-02 4.64371843e-03
  3.92557923e-02 3.24745451e-02]]
0.2817
Interation0training loss is 0.2451767125073489validation loss 0.24776820718829792
[[0 0 0 0 1 0 0 0 0 0]
 [0 0 0 0 0 0 1 0 0 0]
 [0 0 0 0 1 0 0 0 0 0]
 [0 1 0 0 0 0 0 0 0 0]]
[[0.00412445 0.00528654 0.11051121 0.05974558 0.06449    0.01293176
  0.00707235 0.44932247 0.00968199 0.27683366]
 [0.00554482 0.11393087 0.2472907  0.0689084  0.05999817 0.00090793
  0.27431004 0.06388835 0.04674911 0.1184716 ]
 [0.00765467 0.0100339  0.38148383 0.01052708 0.25901876 0.04956776
  0.06119198 0.06493993 0.00654875 0.14903333]
 [0.00143943 0.63063825 0.01878179 0.00640413 0.03541105 0.22203933
  0.04241614 0.00634533 0.02034854 0.01617601]]
0.3986
Interation1training loss is 0.18909984331244026validation loss 0.1909945075502709
[[0 0 0 0 1 0 0 0 0 0]
 [0 0 0 0 0 0 1 0 0 0]
 [0 0 0 0 1 0 0 0 0 0]
 [0 1 0 0 0 0 0 0 0 0]]
[[0.00202662 0.00139267 0.08039522 0.05051702 0.03727881 0.0107066
  0.00875637 0.28914697 0.00602546 0.51375426]
 [0.01236519 0.04410256 0.34169874 0.05438618 0.04178456 0.01091609
  0.29746895 0.05319506 0.05968425 0.08439842]
 [0.00296306 0.0046961  0.17003048 0.01381139 0.50559594 0.02603661
  0.08761684 0.04248392 0.00440671 0.14235897]
 [0.00364514 0.76960208 0.02610905 0.00307969 0.01508145 0.02901096
  0.02741    0.03105151 0.08706568 0.00794445]]
0.468
Interation2training loss is 0.16068816524748797validation loss 0.16271594318627253
[[0 0 0 0 1 0 0 0 0 0]
 [0 0 0 0 0 0 1 0 0 0]
 [0 0 0 0 1 0 0 0 0 0]
 [0 1 0 0 0 0 0 0 0 0]]
[[9.66630233e-04 4.50462114e-04 4.91153792e-02 4.31094463e-02
  2.56825928e-02 8.37695243e-03 8.65030758e-03 1.79810533e-01
  4.53986149e-03 6.79297835e-01]
 [3.05617542e-02 2.98965945e-02 3.65197073e-01 2.48147213e-02
  3.37352612e-02 3.93488122e-02 2.97221052e-01 6.22002790e-02
  6.10237350e-02 5.60007173e-02]
 [1.35415767e-03 2.10936792e-03 5.14358341e-02 4.70289870e-03
  7.75725968e-01 9.37766889e-03 4.36712464e-02 2.42760493e-02
  1.60928027e-03 8.57375288e-02]
 [5.10613006e-03 8.08471087e-01 2.29985723e-02 2.20875601e-03
  8.83769165e-03 2.01663361e-02 1.78472424e-02 4.31517769e-02
  6.60786456e-02 5.13376180e-03]]
0.5126
Interation3training loss is 0.14351695802407252validation loss 0.14682802955870944
[[0 0 0 0 1 0 0 0 0 0]
 [0 0 0 0 0 0 1 0 0 0]
 [0 0 0 0 1 0 0 0 0 0]
 [0 1 0 0 0 0 0 0 0 0]]
[[6.34000200e-04 2.51388099e-04 3.33883096e-02 3.41874361e-02
  2.45332973e-02 7.08263773e-03 6.87669670e-03 1.40336903e-01
  3.78796341e-03 7.48921367e-01]
 [4.62399724e-02 1.96991243e-02 3.64711233e-01 1.36156200e-02
  3.24373781e-02 6.10844705e-02 2.92082247e-01 6.25278895e-02
  5.75950851e-02 5.00069807e-02]
 [7.50982463e-04 1.22328194e-03 2.30495047e-02 2.00219131e-03
  8.67967440e-01 4.63666005e-03 1.97552243e-02 1.68120465e-02
  8.08924576e-04 6.29937437e-02]
 [4.11999607e-03 8.29844331e-01 2.28526285e-02 1.90584889e-03
  8.55864065e-03 1.92969758e-02 1.50255363e-02 4.16215875e-02
  5.20562681e-02 4.71818713e-03]]
0.5476
Interation4training loss is 0.132393868475491validation loss 0.1364141329393603
[[0 0 0 0 1 0 0 0 0 0]
 [0 0 0 0 0 0 1 0 0 0]
 [0 0 0 0 1 0 0 0 0 0]
 [0 1 0 0 0 0 0 0 0 0]]
[[5.94450995e-04 1.87962310e-04 2.84561302e-02 3.23158192e-02
  3.02410142e-02 6.88566915e-03 6.10119713e-03 1.16480586e-01
  4.16107418e-03 7.74576097e-01]
 [5.22069479e-02 1.34396883e-02 3.47205956e-01 1.05770509e-02
  3.37818120e-02 7.03066284e-02 2.98239013e-01 6.13385011e-02
  5.95382380e-02 5.33661648e-02]
 [4.97976372e-04 9.34051719e-04 1.37845970e-02 1.27323881e-03
  9.00206779e-01 3.24398004e-03 1.16749909e-02 1.33480079e-02
  5.59906868e-04 5.44764717e-02]
 [3.00418020e-03 8.32024286e-01 2.68924538e-02 2.08257506e-03
  9.13780880e-03 1.96992983e-02 1.45051214e-02 3.82831742e-02
  4.91242347e-02 5.24686718e-03]]
0.5721
Interation5training loss is 0.12444349791675903validation loss 0.12848931074530695
[[0 0 0 0 1 0 0 0 0 0]
 [0 0 0 0 0 0 1 0 0 0]
 [0 0 0 0 1 0 0 0 0 0]
 [0 1 0 0 0 0 0 0 0 0]]
[[7.75958417e-04 1.54969275e-04 2.71630774e-02 3.65428001e-02
  4.65769383e-02 7.37536794e-03 6.37340693e-03 9.25564323e-02
  6.05724984e-03 7.76423799e-01]
 [5.29502482e-02 9.50687008e-03 3.15246882e-01 9.87279593e-03
  3.57981433e-02 7.75408814e-02 3.12902987e-01 6.25469771e-02
  6.41711825e-02 5.94630322e-02]
 [3.71090830e-04 7.90102139e-04 9.84838855e-03 1.00026694e-03
  9.11477954e-01 2.67270998e-03 8.45665904e-03 1.20563936e-02
  4.66112799e-04 5.28603223e-02]
 [2.26403313e-03 8.23418049e-01 3.29350244e-02 2.59380985e-03
  9.89732195e-03 2.07618543e-02 1.51087596e-02 3.58932145e-02
  5.07650582e-02 6.36287469e-03]]
0.5917
Interation6training loss is 0.11841367309008718validation loss 0.1220726767519484
[[0 0 0 0 1 0 0 0 0 0]
 [0 0 0 0 0 0 1 0 0 0]
 [0 0 0 0 1 0 0 0 0 0]
 [0 1 0 0 0 0 0 0 0 0]]
[[1.20149712e-03 1.29777725e-04 2.60963138e-02 4.12994750e-02
  7.77005366e-02 8.01603669e-03 6.82901999e-03 7.13605324e-02
  9.34187937e-03 7.58024931e-01]
 [5.15715375e-02 6.83630553e-03 2.79961918e-01 9.81800699e-03
  3.70842927e-02 8.31123672e-02 3.32791401e-01 6.39549325e-02
  6.90923866e-02 6.57768518e-02]
 [3.11339143e-04 6.83880471e-04 7.72860572e-03 8.00881664e-04
  9.13623350e-01 2.33092284e-03 6.97419645e-03 1.25520207e-02
  4.05058245e-04 5.45897448e-02]
 [1.80327645e-03 8.13479815e-01 3.80251642e-02 3.22806984e-03
  1.06104458e-02 2.19655630e-02 1.61508886e-02 3.47086150e-02
  5.23663675e-02 7.66179424e-03]]
0.6105
Interation7training loss is 0.11362535342118739validation loss 0.11667188920027975
[[0 0 0 0 1 0 0 0 0 0]
 [0 0 0 0 0 0 1 0 0 0]
 [0 0 0 0 1 0 0 0 0 0]
 [0 1 0 0 0 0 0 0 0 0]]
[[1.70918312e-03 1.07996441e-04 2.43643259e-02 4.16001351e-02
  1.14246193e-01 8.34124729e-03 6.75615582e-03 5.76073945e-02
  1.22285249e-02 7.33038844e-01]
 [4.94139849e-02 5.02085088e-03 2.49472595e-01 9.70576303e-03
  3.64253618e-02 8.66084326e-02 3.57741375e-01 6.31740497e-02
  7.30664114e-02 6.93711761e-02]
 [3.12877881e-04 5.99393939e-04 6.58542029e-03 5.80902202e-04
  9.11427130e-01 2.05124835e-03 6.58553752e-03 1.46908506e-02
  3.40026367e-04 5.68266133e-02]
 [1.50009032e-03 8.06818508e-01 4.11811399e-02 3.77077733e-03
  1.12966508e-02 2.29288154e-02 1.71359114e-02 3.42908376e-02
  5.22190424e-02 8.85822635e-03]]
0.6277
Interation8training loss is 0.10970237458315062validation loss 0.1120462611987863
[[0 0 0 0 1 0 0 0 0 0]
 [0 0 0 0 0 0 1 0 0 0]
 [0 0 0 0 1 0 0 0 0 0]
 [0 1 0 0 0 0 0 0 0 0]]
[[2.00667315e-03 9.10912621e-05 2.30822299e-02 3.91157126e-02
  1.42242241e-01 8.30160301e-03 6.31988922e-03 5.07409541e-02
  1.35135238e-02 7.14586082e-01]
 [4.68104152e-02 3.77398122e-03 2.26350430e-01 9.32276925e-03
  3.44731990e-02 8.78645269e-02 3.85642980e-01 6.00358705e-02
  7.57996286e-02 6.99261995e-02]
 [3.88797860e-04 5.40370887e-04 6.14162897e-03 3.77827029e-04
  9.06231645e-01 1.82336559e-03 7.31708694e-03 1.85091841e-02
  2.72781970e-04 5.83973116e-02]
 [1.28640530e-03 8.03761570e-01 4.28019950e-02 4.12244665e-03
  1.19910552e-02 2.35115621e-02 1.78959910e-02 3.42798232e-02
  5.04896789e-02 9.85947249e-03]]
0.6396
Interation9training loss is 0.10638281117621319validation loss 0.10800580619519151
[[0 0 0 0 1 0 0 0 0 0]
 [0 0 0 0 0 0 1 0 0 0]
 [0 0 0 0 1 0 0 0 0 0]
 [0 1 0 0 0 0 0 0 0 0]]
[[2.05745821e-03 7.98832582e-05 2.26199850e-02 3.66515839e-02
  1.59855789e-01 8.11960629e-03 5.86886406e-03 4.82379643e-02
  1.37847863e-02 7.02724079e-01]
 [4.39278972e-02 2.89676253e-03 2.10064062e-01 8.67071741e-03
  3.22179261e-02 8.69286319e-02 4.14769804e-01 5.50998284e-02
  7.73475691e-02 6.80768010e-02]
 [5.23161381e-04 4.97507874e-04 6.24599026e-03 2.45644199e-04
  8.97451951e-01 1.64089337e-03 9.08258303e-03 2.35076993e-02
  2.18391423e-04 6.05861780e-02]
 [1.13233491e-03 8.02785247e-01 4.37692395e-02 4.29956686e-03
  1.27741597e-02 2.37291114e-02 1.85162557e-02 3.43116187e-02
  4.79917917e-02 1.06906748e-02]]
0.6518
Interation10training loss is 0.10344799476748427validation loss 0.10443826984738439
[[0 0 0 0 1 0 0 0 0 0]
 [0 0 0 0 0 0 1 0 0 0]
 [0 0 0 0 1 0 0 0 0 0]
 [0 1 0 0 0 0 0 0 0 0]]
[[1.93692667e-03 7.53238901e-05 2.28267167e-02 3.58082511e-02
  1.66033724e-01 7.93829666e-03 5.53364698e-03 4.99697490e-02
  1.37713196e-02 6.96106046e-01]
 [4.08364191e-02 2.24829736e-03 1.99299544e-01 7.81756807e-03
  2.99593934e-02 8.40696753e-02 4.44881802e-01 4.89987638e-02
  7.75350369e-02 6.43534996e-02]
 [6.09556478e-04 4.74182429e-04 6.95008405e-03 1.87721171e-04
  8.84300725e-01 1.50089612e-03 1.11866570e-02 2.86762756e-02
  1.88402434e-04 6.59254993e-02]
 [1.02739424e-03 8.02223915e-01 4.47184803e-02 4.36704123e-03
  1.36960850e-02 2.38361417e-02 1.91480980e-02 3.42671331e-02
  4.53230377e-02 1.13926732e-02]]
0.6619
Interation11training loss is 0.10072041122477136validation loss 0.10126318269030549
[[0 0 0 0 1 0 0 0 0 0]
 [0 0 0 0 0 0 1 0 0 0]
 [0 0 0 0 1 0 0 0 0 0]
 [0 1 0 0 0 0 0 0 0 0]]
[[1.69256974e-03 8.08357895e-05 2.35797964e-02 3.79414772e-02
  1.54808021e-01 7.68304413e-03 5.31981970e-03 5.88061693e-02
  1.38027225e-02 6.96285544e-01]
 [3.75653065e-02 1.74243236e-03 1.92069305e-01 6.84994939e-03
  2.77108954e-02 7.94038127e-02 4.76608151e-01 4.24812216e-02
  7.60875056e-02 5.94814211e-02]
 [5.39109750e-04 4.86945299e-04 8.65616570e-03 1.81960589e-04
  8.63346637e-01 1.38094409e-03 1.26145212e-02 3.47302537e-02
  1.82592596e-04 7.78808704e-02]
 [9.65095535e-04 8.00965781e-01 4.59969885e-02 4.37678161e-03
  1.47522671e-02 2.40282039e-02 1.98710243e-02 3.42402418e-02
  4.27657917e-02 1.20378251e-02]]
0.6716
Interation12training loss is 0.09814700900586318validation loss 0.09840038388693999
[[0 0 0 0 1 0 0 0 0 0]
 [0 0 0 0 0 0 1 0 0 0]
 [0 0 0 0 1 0 0 0 0 0]
 [0 1 0 0 0 0 0 0 0 0]]
[[1.41603135e-03 9.87906799e-05 2.46943920e-02 4.28090931e-02
  1.30741689e-01 7.17075773e-03 5.17439333e-03 7.51982401e-02
  1.37211840e-02 6.98975429e-01]
 [3.41502968e-02 1.33632571e-03 1.86376225e-01 5.83873704e-03
  2.55090564e-02 7.29811799e-02 5.10737303e-01 3.61285524e-02
  7.28452742e-02 5.40970498e-02]
 [3.89047597e-04 5.20375166e-04 1.14451814e-02 2.08206220e-04
  8.34034773e-01 1.27753013e-03 1.31023019e-02 4.16138952e-02
  1.93540275e-04 9.72151488e-02]
 [9.34788800e-04 7.98509386e-01 4.78714757e-02 4.35801631e-03
  1.59110393e-02 2.42987810e-02 2.06874496e-02 3.42628302e-02
  4.04645273e-02 1.27017060e-02]]
0.6802
Interation13training loss is 0.09575080296215192validation loss 0.09582350337000704
[[0 0 0 0 1 0 0 0 0 0]
 [0 0 0 0 0 0 1 0 0 0]
 [0 0 0 0 1 0 0 0 0 0]
 [0 1 0 0 0 0 0 0 0 0]]
[[1.21813294e-03 1.24876917e-04 2.59149814e-02 4.80332773e-02
  1.10544189e-01 6.52975615e-03 5.07413428e-03 9.18208608e-02
  1.34523414e-02 6.97287449e-01]
 [3.05516166e-02 1.01323801e-03 1.80610871e-01 4.84958543e-03
  2.34291555e-02 6.50956084e-02 5.47358688e-01 3.03377741e-02
  6.79873372e-02 4.87661255e-02]
 [2.77760135e-04 5.38673977e-04 1.41965125e-02 2.43476490e-04
  8.07241482e-01 1.20596347e-03 1.32210828e-02 4.61997007e-02
  2.08709207e-04 1.16666639e-01]
 [9.22447037e-04 7.95132957e-01 5.02657114e-02 4.32439410e-03
  1.71056768e-02 2.45829081e-02 2.14879603e-02 3.42388306e-02
  3.85153620e-02 1.34237530e-02]]
0.689
Interation14training loss is 0.09358148959993424validation loss 0.09350685363563788
[[0 0 0 0 1 0 0 0 0 0]
 [0 0 0 0 0 0 1 0 0 0]
 [0 0 0 0 1 0 0 0 0 0]
 [0 1 0 0 0 0 0 0 0 0]]
[[1.12943792e-03 1.46105128e-04 2.72899373e-02 5.15636287e-02
  1.02466800e-01 6.14105968e-03 5.08693211e-03 9.99437302e-02
  1.33863927e-02 6.92845976e-01]
 [2.68628473e-02 7.67416549e-04 1.73947519e-01 3.95126409e-03
  2.15515081e-02 5.63892976e-02 5.84943418e-01 2.54183386e-02
  6.21485615e-02 4.40198294e-02]
 [2.18695910e-04 5.25126820e-04 1.56741121e-02 2.66975082e-04
  7.94148583e-01 1.15235106e-03 1.34601597e-02 4.65077121e-02
  2.14700562e-04 1.27831584e-01]
 [9.14637115e-04 7.92398061e-01 5.25762973e-02 4.26072993e-03
  1.81708439e-02 2.47265959e-02 2.20215641e-02 3.40537207e-02
  3.67303654e-02 1.41471847e-02]]
0.6957
Interation15training loss is 0.09164478950154667validation loss 0.09140726240445694
[[0 0 0 0 1 0 0 0 0 0]
 [0 0 0 0 0 0 1 0 0 0]
 [0 0 0 0 1 0 0 0 0 0]
 [0 1 0 0 0 0 0 0 0 0]]
[[1.10439559e-03 1.57441564e-04 2.87519007e-02 5.35165545e-02
  1.02366518e-01 6.03823258e-03 5.18646205e-03 1.01009187e-01
  1.36259555e-02 6.88243353e-01]
 [2.32329010e-02 5.85108656e-04 1.66123784e-01 3.17808770e-03
  1.99139659e-02 4.75419663e-02 6.22208595e-01 2.13821059e-02
  5.58399854e-02 3.99935001e-02]
 [1.86983579e-04 4.91768344e-04 1.60249918e-02 2.76356136e-04
  7.92363167e-01 1.10111521e-03 1.38595423e-02 4.41402738e-02
  2.10410113e-04 1.31345391e-01]
 [9.05250963e-04 7.91047141e-01 5.44440122e-02 4.16838139e-03
  1.90200344e-02 2.46671190e-02 2.22059925e-02 3.36923103e-02
  3.50200331e-02 1.48297255e-02]]
0.7014
Interation16training loss is 0.08989066484198588validation loss 0.08948662630594971
[[0 0 0 0 1 0 0 0 0 0]
 [0 0 0 0 0 0 1 0 0 0]
 [0 0 0 0 1 0 0 0 0 0]
 [0 1 0 0 0 0 0 0 0 0]]
[[1.10430040e-03 1.62592104e-04 3.01303406e-02 5.45996299e-02
  1.05773739e-01 6.08074534e-03 5.30167477e-03 9.93904509e-02
  1.40214659e-02 6.83435061e-01]
 [1.97752424e-02 4.49636102e-04 1.57153398e-01 2.53221903e-03
  1.84989749e-02 3.90950228e-02 6.58533046e-01 1.80597637e-02
  4.93610789e-02 3.65416190e-02]
 [1.67489733e-04 4.52864605e-04 1.58179246e-02 2.77726918e-04
  7.95846827e-01 1.04977336e-03 1.43096770e-02 4.09783931e-02
  2.01166956e-04 1.30898156e-01]
 [8.93440466e-04 7.90806114e-01 5.58966645e-02 4.06614786e-03
  1.96725968e-02 2.44601358e-02 2.21245949e-02 3.31859604e-02
  3.34252846e-02 1.54690606e-02]]
0.7077
Interation17training loss is 0.08827094344713093validation loss 0.08771837489967944
[[0 0 0 0 1 0 0 0 0 0]
 [0 0 0 0 0 0 1 0 0 0]
 [0 0 0 0 1 0 0 0 0 0]
 [0 1 0 0 0 0 0 0 0 0]]
[[1.11220283e-03 1.64859540e-04 3.13562075e-02 5.52778501e-02
  1.10778283e-01 6.18088373e-03 5.40308067e-03 9.71236768e-02
  1.44706993e-02 6.78132256e-01]
 [1.65747345e-02 3.48006702e-04 1.47225958e-01 2.00337291e-03
  1.72598336e-02 3.14513917e-02 6.93387294e-01 1.52909886e-02
  4.29681128e-02 3.34903070e-02]
 [1.54095735e-04 4.14810215e-04 1.53720201e-02 2.75483233e-04
  8.01351701e-01 9.99286528e-04 1.47460340e-02 3.78777721e-02
  1.90486796e-04 1.28618311e-01]
 [8.79366504e-04 7.91263898e-01 5.70493488e-02 3.96942524e-03
  2.01692005e-02 2.41759015e-02 2.18780797e-02 3.25734893e-02
  3.19721498e-02 1.60691406e-02]]
0.7135
Interation18training loss is 0.08675650872571594validation loss 0.08608307727445594
[[0 0 0 0 1 0 0 0 0 0]
 [0 0 0 0 0 0 1 0 0 0]
 [0 0 0 0 1 0 0 0 0 0]
 [0 1 0 0 0 0 0 0 0 0]]
[[1.12177585e-03 1.65622839e-04 3.24204379e-02 5.57752609e-02
  1.16762853e-01 6.30520430e-03 5.48858831e-03 9.47483380e-02
  1.49324593e-02 6.72279460e-01]
 [1.36982250e-02 2.71281745e-04 1.36687551e-01 1.57772321e-03
  1.61488325e-02 2.48672504e-02 7.26147592e-01 1.29684011e-02
  3.69094908e-02 3.07236523e-02]
 [1.44272189e-04 3.79646567e-04 1.48150236e-02 2.71844530e-04
  8.07638886e-01 9.50884657e-04 1.51510423e-02 3.51000705e-02
  1.79834250e-04 1.25368495e-01]
 [8.62965489e-04 7.92197462e-01 5.79652990e-02 3.88456752e-03
  2.05409180e-02 2.38525130e-02 2.15338228e-02 3.18907637e-02
  3.06445665e-02 1.66271220e-02]]
0.7199
Interation19training loss is 0.08532927181493766validation loss 0.08456549754224102
[[0 0 0 0 1 0 0 0 0 0]
 [0 0 0 0 0 0 1 0 0 0]
 [0 0 0 0 1 0 0 0 0 0]
 [0 1 0 0 0 0 0 0 0 0]]
[[1.13069739e-03 1.65309501e-04 3.33248090e-02 5.61577236e-02
  1.23543824e-01 6.44397915e-03 5.55881059e-03 9.23561071e-02
  1.53815921e-02 6.65937147e-01]
 [1.11872612e-02 2.13121725e-04 1.25959652e-01 1.23993162e-03
  1.51296323e-02 1.94328819e-02 7.56263487e-01 1.10168040e-02
  3.13775266e-02 2.81797019e-02]
 [1.36831656e-04 3.47965374e-04 1.42015302e-02 2.67914426e-04
  8.14258748e-01 9.06021571e-04 1.55268125e-02 3.26822432e-02
  1.69776157e-04 1.21502157e-01]
 [8.44174331e-04 7.93522349e-01 5.86667197e-02 3.81109888e-03
  2.08143194e-02 2.35017281e-02 2.11275394e-02 3.11655482e-02
  2.94082335e-02 1.71382897e-02]]
0.7252
Interation20training loss is 0.08397421551955148validation loss 0.08315221438800205
[[0 0 0 0 1 0 0 0 0 0]
 [0 0 0 0 0 0 1 0 0 0]
 [0 0 0 0 1 0 0 0 0 0]
 [0 1 0 0 0 0 0 0 0 0]]
[[1.13814553e-03 1.64038130e-04 3.40708017e-02 5.64025497e-02
  1.31039314e-01 6.59358356e-03 5.61092655e-03 8.99712447e-02
  1.57909538e-02 6.59218443e-01]
 [9.05609228e-03 1.68871445e-04 1.15458703e-01 9.74462691e-04
  1.41777101e-02 1.50956427e-02 7.83379568e-01 9.37678375e-03
  2.64850002e-02 2.58271661e-02]
 [1.31156376e-04 3.19901528e-04 1.35661402e-02 2.64155036e-04
  8.21007621e-01 8.65876624e-04 1.58791595e-02 3.05899591e-02
  1.60516272e-04 1.17215515e-01]
 [8.23142591e-04 7.95199334e-01 5.91711031e-02 3.74538936e-03
  2.10122521e-02 2.31233734e-02 2.06766861e-02 3.04188034e-02
  2.82291129e-02 1.76008025e-02]]
0.7304
Interation21training loss is 0.08267983444050171validation loss 0.0818309391359704
[[0 0 0 0 1 0 0 0 0 0]
 [0 0 0 0 0 0 1 0 0 0]
 [0 0 0 0 1 0 0 0 0 0]
 [0 1 0 0 0 0 0 0 0 0]]
[[1.14361857e-03 1.61887384e-04 3.46624643e-02 5.64703807e-02
  1.39150749e-01 6.75000990e-03 5.64303149e-03 8.76189561e-02
  1.61372864e-02 6.52261616e-01]
 [7.29260941e-03 1.35092587e-04 1.05538596e-01 7.67045353e-04
  1.32785807e-02 1.17180165e-02 8.07349216e-01 7.99931206e-03
  2.22729021e-02 2.36486287e-02]
 [1.26834160e-04 2.95299106e-04 1.29389478e-02 2.60624041e-04
  8.27732341e-01 8.30792508e-04 1.62106929e-02 2.87705898e-02
  1.52084594e-04 1.12681794e-01]
 [8.00247927e-04 7.97184168e-01 5.95012533e-02 3.68407493e-03
  2.11473968e-02 2.27175653e-02 2.01953572e-02 2.96704179e-02
  2.70844985e-02 1.80150203e-02]]
0.735
Interation22training loss is 0.08143975606271797validation loss 0.08059178532061534
[[0 0 0 0 1 0 0 0 0 0]
 [0 0 0 0 0 0 1 0 0 0]
 [0 0 0 0 1 0 0 0 0 0]
 [0 1 0 0 0 0 0 0 0 0]]
[[1.14657559e-03 1.58976194e-04 3.51093274e-02 5.63491212e-02
  1.47748036e-01 6.90874935e-03 5.65651963e-03 8.53127417e-02
  1.64097726e-02 6.45200180e-01]
 [5.86261947e-03 1.09220687e-04 9.64408416e-02 6.05449426e-04
  1.24252111e-02 9.13095767e-03 8.28229102e-01 6.84221158e-03
  1.87231213e-02 2.16312651e-02]
 [1.23520559e-04 2.73783839e-04 1.23446539e-02 2.57192256e-04
  8.34283183e-01 8.00361587e-04 1.65182853e-02 2.71743202e-02
  1.44437535e-04 1.08080262e-01]
 [7.76031958e-04 7.99414444e-01 5.96812249e-02 3.62571339e-03
  2.12217158e-02 2.22917568e-02 1.96997818e-02 2.89390170e-02
  2.59680361e-02 1.83822784e-02]]
0.7387
Interation23training loss is 0.08025096339290222validation loss 0.07942666972103234
[[0 0 0 0 1 0 0 0 0 0]
 [0 0 0 0 0 0 1 0 0 0]
 [0 0 0 0 1 0 0 0 0 0]
 [0 1 0 0 0 0 0 0 0 0]]
[[1.14663100e-03 1.55459731e-04 3.54261208e-02 5.60592434e-02
  1.56702795e-01 7.06691871e-03 5.65565910e-03 8.30455356e-02
  1.66129074e-02 6.38128729e-01]
 [4.71853909e-03 8.93053647e-05 8.82697600e-02 4.79551893e-04
  1.16141752e-02 7.16691371e-03 8.46259271e-01 5.86748297e-03
  1.57743009e-02 1.97606997e-02]
 [1.20943723e-04 2.54937461e-04 1.17973918e-02 2.53771203e-04
  8.40530654e-01 7.73928661e-04 1.67964312e-02 2.57669981e-02
  1.37541683e-04 1.03567402e-01]
 [7.51051008e-04 8.01818535e-01 5.97338514e-02 3.57054292e-03
  2.12327022e-02 2.18599621e-02 1.92049837e-02 2.82365937e-02
  2.48876490e-02 1.87041287e-02]]
0.7425
Interation24training loss is 0.07911134574455649validation loss 0.07832822552623242
[[0 0 0 0 1 0 0 0 0 0]
 [0 0 0 0 0 0 1 0 0 0]
 [0 0 0 0 1 0 0 0 0 0]
 [0 1 0 0 0 0 0 0 0 0]]
[[1.14373542e-03 1.51505549e-04 3.56312212e-02 5.56367359e-02
  1.65913923e-01 7.22427352e-03 5.64586319e-03 8.08010447e-02
  1.67619694e-02 6.31089728e-01]
 [3.80943527e-03 7.38571414e-05 8.10152392e-02 3.81190717e-04
  1.08419418e-02 5.67861022e-03 8.61796710e-01 5.04146962e-03
  1.33422712e-02 1.80192748e-02]
 [1.18913513e-04 2.38410738e-04 1.13003830e-02 2.50439691e-04
  8.46384187e-01 7.50963873e-04 1.70422315e-02 2.45295395e-02
  1.31404767e-04 9.92535267e-02]
 [7.25733725e-04 8.04324636e-01 5.96834909e-02 3.51955714e-03
  2.11791748e-02 2.14375619e-02 1.87213685e-02 2.75666898e-02
  2.38591170e-02 1.89826701e-02]]
0.7468
Interation25training loss is 0.07801934466309556validation loss 0.0772898244133558
[[0 0 0 0 1 0 0 0 0 0]
 [0 0 0 0 0 0 1 0 0 0]
 [0 0 0 0 1 0 0 0 0 0]
 [0 1 0 0 0 0 0 0 0 0]]
[[1.13816766e-03 1.47267931e-04 3.57444325e-02 5.51152070e-02
  1.75315554e-01 7.38217382e-03 5.63214333e-03 7.85669012e-02
  1.68746645e-02 6.24083488e-01]
 [3.08861234e-03 6.17578839e-05 7.46027814e-02 3.03976413e-04
  1.01038403e-02 4.54697716e-03 8.75227846e-01 4.33632656e-03
  1.13392112e-02 1.63886712e-02]
 [1.17293834e-04 2.23899223e-04 1.08502744e-02 2.47389329e-04
  8.51799289e-01 7.31075311e-04 1.72576110e-02 2.34455156e-02
  1.26035991e-04 9.52016168e-02]
 [7.00377187e-04 8.06864511e-01 5.95579542e-02 3.47380666e-03
  2.10638769e-02 2.10358115e-02 1.82556243e-02 2.69281528e-02
  2.28984265e-02 1.92214589e-02]]
0.7489
Interation26training loss is 0.07697397014893419validation loss 0.07630571384589294
[[0 0 0 0 1 0 0 0 0 0]
 [0 0 0 0 0 0 1 0 0 0]
 [0 0 0 0 1 0 0 0 0 0]
 [0 1 0 0 0 0 0 0 0 0]]
[[1.13036744e-03 1.42866328e-04 3.57838021e-02 5.45164686e-02
  1.84875715e-01 7.54203957e-03 5.61811309e-03 7.63376022e-02
  1.69641362e-02 6.17088889e-01]
 [2.51695771e-03 5.21873807e-05 6.89381815e-02 2.43042592e-04
  9.39579550e-03 3.68114427e-03 8.86901374e-01 3.73055227e-03
  9.68629277e-03 1.48544720e-02]
 [1.15960164e-04 2.11086539e-04 1.04415212e-02 2.44796997e-04
  8.56777255e-01 7.13881136e-04 1.74478347e-02 2.24903897e-02
  1.21396755e-04 9.14358777e-02]
 [6.75202409e-04 8.09379911e-01 5.93851641e-02 3.43400974e-03
  2.08933124e-02 2.06597107e-02 1.78124294e-02 2.63191841e-02
  2.20157592e-02 1.94253172e-02]]
0.7516
Interation27training loss is 0.0759742562023593validation loss 0.07537093323186118
[[0 0 0 0 1 0 0 0 0 0]
 [0 0 0 0 0 0 1 0 0 0]
 [0 0 0 0 1 0 0 0 0 0]
 [0 1 0 0 0 0 0 0 0 0]]
[[1.12075062e-03 1.38374865e-04 3.57626521e-02 5.38488693e-02
  1.94588436e-01 7.70436029e-03 5.60546455e-03 7.41115556e-02
  1.70359740e-02 6.10083563e-01]
 [2.06310743e-03 4.45514778e-05 6.39325396e-02 1.94738656e-04
  8.71616763e-03 3.01394869e-03 8.97099273e-01 3.20816963e-03
  8.31843515e-03 1.34090689e-02]
 [1.14767273e-04 1.99623450e-04 1.00687756e-02 2.42734076e-04
  8.61359918e-01 6.98915214e-04 1.76179686e-02 2.16285501e-02
  1.17381942e-04 8.79513657e-02]
 [6.50391350e-04 8.11828716e-01 5.91884199e-02 3.40041547e-03
  2.06763842e-02 2.03089023e-02 1.73947494e-02 2.57391010e-02
  2.12134112e-02 1.95995092e-02]]
0.7551
Interation28training loss is 0.07501880372918686validation loss 0.07448118325007905
[[0 0 0 0 1 0 0 0 0 0]
 [0 0 0 0 0 0 1 0 0 0]
 [0 0 0 0 1 0 0 0 0 0]
 [0 1 0 0 0 0 0 0 0 0]]
[[1.10962017e-03 1.33824680e-04 3.56880925e-02 5.31097273e-02
  2.04463898e-01 7.86834240e-03 5.59390530e-03 7.18883371e-02
  1.70886762e-02 6.03055577e-01]
 [1.70225372e-03 3.84177647e-05 5.95098075e-02 1.56321968e-04
  8.06601349e-03 2.49618853e-03 9.06038757e-01 2.75724425e-03
  7.18367830e-03 1.20513174e-02]
 [1.13542131e-04 1.89145207e-04 9.72749410e-03 2.41141711e-04
  8.65620119e-01 6.85605923e-04 1.77700385e-02 2.08170539e-02
  1.13831373e-04 8.47220283e-02]
 [6.26100324e-04 8.14185484e-01 5.89844579e-02 3.37285815e-03
  2.04230238e-02 1.99794862e-02 1.70036057e-02 2.51883696e-02
  2.04872923e-02 1.97493221e-02]]
0.7603
Interation29training loss is 0.0741056208817919validation loss 0.07363271335623094
[[0 0 0 0 1 0 0 0 0 0]
 [0 0 0 0 0 0 1 0 0 0]
 [0 0 0 0 1 0 0 0 0 0]
 [0 1 0 0 0 0 0 0 0 0]]
[[1.09717893e-03 1.29216177e-04 3.55612370e-02 5.22896277e-02
  2.14521506e-01 8.03201148e-03 5.58149877e-03 6.96674781e-02
  1.71160141e-02 5.96004232e-01]
 [1.41475105e-03 3.34653198e-05 5.56048472e-02 1.25704553e-04
  7.44806362e-03 2.09157289e-03 9.13888669e-01 2.36843776e-03
  6.24048437e-03 1.07840041e-02]
 [1.12105545e-04 1.79314970e-04 9.41355305e-03 2.39870619e-04
  8.69646867e-01 6.73337300e-04 1.79026837e-02 2.00136744e-02
  1.10563666e-04 8.17080297e-02]
 [6.02462284e-04 8.16437886e-01 5.87841064e-02 3.35088821e-03
  2.01431609e-02 1.96656437e-02 1.66381686e-02 2.46677873e-02
  1.98298732e-02 1.98800236e-02]]
0.7625
Interation30training loss is 0.07323223286862417validation loss 0.07282222547707681
[[0 0 0 0 1 0 0 0 0 0]
 [0 0 0 0 0 0 1 0 0 0]
 [0 0 0 0 1 0 0 0 0 0]
 [0 1 0 0 0 0 0 0 0 0]]
[[1.08358294e-03 1.24534292e-04 3.53785088e-02 5.13772720e-02
  2.24787130e-01 8.19254464e-03 5.56529444e-03 6.74481528e-02
  1.71099017e-02 5.88933079e-01]
 [1.18497194e-03 2.94493998e-05 5.21586608e-02 1.01271583e-04
  6.86543299e-03 1.77297521e-03 9.20787242e-01 2.03397821e-03
  5.45502592e-03 9.61099191e-03]
 [1.10312938e-04 1.69872624e-04 9.12269884e-03 2.38759945e-04
  8.73526484e-01 6.61562400e-04 1.80131318e-02 1.91860345e-02
  1.07419820e-04 7.88637230e-02]
 [5.79588314e-04 8.18582352e-01 5.85937118e-02 3.33389058e-03
  1.98461452e-02 1.93608142e-02 1.62963125e-02 2.41776495e-02
  1.92327083e-02 1.99968277e-02]]
0.7664
Interation31training loss is 0.07239594791760347validation loss 0.07204677171596552
[[0 0 0 0 1 0 0 0 0 0]
 [0 0 0 0 0 0 1 0 0 0]
 [0 0 0 0 1 0 0 0 0 0]
 [0 1 0 0 0 0 0 0 0 0]]
[[1.06897559e-03 1.19760772e-04 3.51334753e-02 5.03637645e-02
  2.35292309e-01 8.34673883e-03 5.54209489e-03 6.52295244e-02
  1.70628415e-02 5.81840516e-01]
 [1.00049109e-03 2.61787253e-05 4.91148437e-02 8.17606721e-05
  6.32079832e-03 1.51991278e-03 9.26854279e-01 1.74712257e-03
  4.79931828e-03 8.53529493e-03]
 [1.08091765e-04 1.60663129e-04 8.85045531e-03 2.37705782e-04
  8.77325848e-01 6.49902943e-04 1.80998173e-02 1.83175857e-02
  1.04296382e-04 7.61456334e-02]
 [5.57570290e-04 8.20620856e-01 5.84161839e-02 3.32116113e-03
  1.95404970e-02 1.90584928e-02 1.59753938e-02 2.37174238e-02
  1.86877734e-02 2.01046477e-02]]
0.7688
Interation32training loss is 0.0715941530343684validation loss 0.07130363272315922
[[0 0 0 0 1 0 0 0 0 0]
 [0 0 0 0 0 0 1 0 0 0]
 [0 0 0 0 1 0 0 0 0 0]
 [0 1 0 0 0 0 0 0 0 0]]
[[1.05348609e-03 1.14881502e-04 3.48187962e-02 4.92453287e-02
  2.46073160e-01 8.49157622e-03 5.50916913e-03 6.30115252e-02
  1.69695408e-02 5.74712536e-01]
 [8.51518428e-04 2.35016582e-05 4.64189089e-02 6.61808620e-05
  5.81618580e-03 1.31690894e-03 9.32196288e-01 1.50196983e-03
  4.25021954e-03 7.55831804e-03]
 [1.05455027e-04 1.51631014e-04 8.59251390e-03 2.36679979e-04
  8.81084810e-01 6.38180038e-04 1.81639289e-02 1.74078330e-02
  1.01152952e-04 7.35178156e-02]
 [5.36481580e-04 8.22559646e-01 5.82515092e-02 3.31194007e-03
  1.92335865e-02 1.87527814e-02 1.56729571e-02 2.32858277e-02
  1.81877622e-02 2.02075082e-02]]
0.7717
Interation33training loss is 0.07082454828659446validation loss 0.07059021015049463
[[0 0 0 0 1 0 0 0 0 0]
 [0 0 0 0 0 0 1 0 0 0]
 [0 0 0 0 1 0 0 0 0 0]
 [0 1 0 0 0 0 0 0 0 0]]
[[1.03720790e-03 1.09889997e-04 3.44277583e-02 4.80240512e-02
  2.57168269e-01 8.62476441e-03 5.46474554e-03 6.07957565e-02
  1.68277484e-02 5.67519809e-01]
 [7.30465035e-04 2.12975666e-05 4.40200226e-02 5.37534376e-05
  5.35315435e-03 1.15237018e-03 9.36906724e-01 1.29342236e-03
  3.78890438e-03 6.67988591e-03]
 [1.02489244e-04 1.42790673e-04 8.34518621e-03 2.35700926e-04
  8.84819101e-01 6.26372799e-04 1.82093774e-02 1.64680321e-02
  9.79965387e-05 7.09529533e-02]
 [5.16374897e-04 8.24409624e-01 5.80970907e-02 3.30541321e-03
  1.89310078e-02 1.84387563e-02 1.53872319e-02 2.28809287e-02
  1.77258627e-02 2.03077093e-02]]
0.7748
Interation34training loss is 0.07008525377713841validation loss 0.06990398227789212
[[0 0 0 0 1 0 0 0 0 0]
 [0 0 0 0 0 0 1 0 0 0]
 [0 0 0 0 1 0 0 0 0 0]
 [0 1 0 0 0 0 0 0 0 0]]
[[1.02016545e-03 1.04790169e-04 3.39551284e-02 4.67076032e-02
  2.68613116e-01 8.74515014e-03 5.40823480e-03 5.85871229e-02
  1.66387211e-02 5.60219968e-01]
 [6.31557915e-04 1.94707658e-05 4.18736276e-02 4.38646500e-05
  4.93311284e-03 1.01772953e-03 9.41064473e-01 1.11714038e-03
  3.40042498e-03 5.89859866e-03]
 [9.93293413e-05 1.34193459e-04 8.10567082e-03 2.34789128e-04
  8.88528230e-01 6.14544839e-04 1.82418018e-02 1.55156954e-02
  9.48580164e-05 6.84308870e-02]
 [4.97281890e-04 8.26186960e-01 5.79481744e-02 3.30070092e-03
  1.86359389e-02 1.81126812e-02 1.51174425e-02 2.25001791e-02
  1.72954994e-02 2.04051420e-02]]
0.7767
Interation35training loss is 0.0693747673299455validation loss 0.06924252670435438
[[0 0 0 0 1 0 0 0 0 0]
 [0 0 0 0 0 0 1 0 0 0]
 [0 0 0 0 1 0 0 0 0 0]
 [0 1 0 0 0 0 0 0 0 0]]
[[1.00225926e-03 9.96015251e-05 3.33974808e-02 4.53095288e-02
  2.80425903e-01 8.85308184e-03 5.34023833e-03 5.63974538e-02
  1.64079154e-02 5.52766537e-01]
 [5.50463299e-04 1.79456082e-05 3.99434709e-02 3.60259962e-05
  4.55748034e-03 9.06729348e-04 9.44733271e-01 9.69398863e-04
  3.07313120e-03 5.21208379e-03]
 [9.61315919e-05 1.25905027e-04 7.87219642e-03 2.33938549e-04
  8.92201737e-01 6.02780870e-04 1.82674192e-02 1.45703342e-02
  9.17739340e-05 6.59377836e-02]
 [4.79217874e-04 8.27912483e-01 5.77984011e-02 3.29685278e-03
  1.83489251e-02 1.77721487e-02 1.48639717e-02 2.21405701e-02
  1.68902856e-02 2.04971442e-02]]
0.7795
Interation36training loss is 0.06869180147547961validation loss 0.06860358375976598
[[0 0 0 0 1 0 0 0 0 0]
 [0 0 0 0 0 0 1 0 0 0]
 [0 0 0 0 1 0 0 0 0 0]
 [0 1 0 0 0 0 0 0 0 0]]
[[9.83174703e-04 9.43675927e-05 3.27532256e-02 4.38509303e-02
  2.92581434e-01 8.95096590e-03 5.26241132e-03 5.42515548e-02
  1.61463540e-02 5.45125582e-01]
 [4.83910308e-04 1.66621053e-05 3.82019545e-02 2.98411806e-05
  4.22738007e-03 8.14793305e-04 9.47963929e-01 8.46835187e-04
  2.79787663e-03 4.61681824e-03]
 [9.30477732e-05 1.17994112e-04 7.64413350e-03 2.33116149e-04
  8.95821339e-01 5.91154746e-04 1.82920942e-02 1.36508684e-02
  8.87779244e-05 6.34674738e-02]
 [4.62183219e-04 8.29609722e-01 5.76403054e-02 3.29286923e-03
  1.80681539e-02 1.74163229e-02 1.46282745e-02 2.17989670e-02
  1.65042148e-02 2.05789871e-02]]
0.7814
Interation37training loss is 0.06803510905403654validation loss 0.06798516759506658
[[0 0 0 0 1 0 0 0 0 0]
 [0 0 0 0 0 0 1 0 0 0]
 [0 0 0 0 1 0 0 0 0 0]
 [0 1 0 0 0 0 0 0 0 0]]
[[9.62266135e-04 8.91652858e-05 3.20227737e-02 4.23628251e-02
  3.04980287e-01 9.04421628e-03 5.17724043e-03 5.21934488e-02
  1.58724653e-02 5.37295312e-01]
 [4.29338195e-04 1.55722137e-05 3.66282737e-02 2.49816031e-05
  3.94283084e-03 7.38496301e-04 9.50799612e-01 7.46180536e-04
  2.56713498e-03 4.10757972e-03]
 [9.01971744e-05 1.10527747e-04 7.42202582e-03 2.32285261e-04
  8.99361467e-01 5.79726733e-04 1.83203408e-02 1.27738169e-02
  8.58987035e-05 6.10237142e-02]
 [4.46138584e-04 8.31302833e-01 5.74652603e-02 3.28780326e-03
  1.77899410e-02 1.70464842e-02 1.44122258e-02 2.14723015e-02
  1.61321333e-02 2.06448789e-02]]
0.7835
Interation38training loss is 0.06740355857348364validation loss 0.06738576030598686
[[0 0 0 0 1 0 0 0 0 0]
 [0 0 0 0 0 0 1 0 0 0]
 [0 0 0 0 1 0 0 0 0 0]
 [0 1 0 0 0 0 0 0 0 0]]
[[9.38551390e-04 8.41094980e-05 3.12102146e-02 4.08859253e-02
  3.17444545e-01 9.14206460e-03 5.08782116e-03 5.02845811e-02
  1.56122763e-02 5.29309911e-01]
 [3.84613895e-04 1.46373512e-05 3.52047809e-02 2.11719671e-05
  3.70186115e-03 6.75168010e-04 9.53282357e-01 6.64117838e-04
  2.37430040e-03 3.67699103e-03]
 [8.76334169e-05 1.03567212e-04 7.20737789e-03 2.31431876e-04
  9.02793610e-01 5.68538489e-04 1.83531921e-02 1.19512569e-02
  8.31575999e-05 5.86202341e-02]
 [4.30940400e-04 8.33016138e-01 5.72624264e-02 3.28100466e-03
  1.75091869e-02 1.66667350e-02 1.42166083e-02 2.11570619e-02
  1.57706158e-02 2.06892829e-02]]
0.7859
Interation39training loss is 0.06679669516001266validation loss 0.06680452331421544
[[0 0 0 0 1 0 0 0 0 0]
 [0 0 0 0 0 0 1 0 0 0]
 [0 0 0 0 1 0 0 0 0 0]
 [0 1 0 0 0 0 0 0 0 0]]
[[9.11128149e-04 7.93441398e-05 3.03282786e-02 3.94627136e-02
  3.29782671e-01 9.25598918e-03 4.99760043e-03 4.85818706e-02
  1.53931124e-02 5.21207292e-01]
 [3.47863236e-04 1.38266797e-05 3.39131279e-02 1.81833853e-05
  3.50011785e-03 6.22623451e-04 9.55458042e-01 5.97318744e-04
  2.21331404e-03 3.31558301e-03]
 [8.53146026e-05 9.71600874e-05 7.00229977e-03 2.30566305e-04
  9.06095864e-01 5.57558049e-04 1.83841759e-02 1.11888062e-02
  8.05602567e-05 5.62776945e-02]
 [4.16297181e-04 8.34773242e-01 5.70183469e-02 3.27241368e-03
  1.72205678e-02 1.62839445e-02 1.40394148e-02 2.08482897e-02
  1.54190575e-02 2.07084260e-02]]
0.7882
Interation40training loss is 0.0662151075111929validation loss 0.06624130734897693
[[0 0 0 0 1 0 0 0 0 0]
 [0 0 0 0 0 0 1 0 0 0]
 [0 0 0 0 1 0 0 0 0 0]
 [0 1 0 0 0 0 0 0 0 0]]
[[8.79996723e-04 7.50098776e-05 2.94032950e-02 3.81225809e-02
  3.41895060e-01 9.39386038e-03 4.90975862e-03 4.71025942e-02
  1.52298846e-02 5.12987959e-01]
 [3.17426214e-04 1.31144507e-05 3.27327566e-02 1.58283273e-05
  3.33126903e-03 5.78963927e-04 9.57377081e-01 5.42589926e-04
  2.07847961e-03 3.01249075e-03]
 [8.31037661e-05 9.13280268e-05 6.80941293e-03 2.29700659e-04
  9.09259797e-01 5.46589288e-04 1.83964733e-02 1.04854573e-02
  7.80886150e-05 5.40200489e-02]
 [4.01867416e-04 8.36587674e-01 5.67215980e-02 3.26258497e-03
  1.69219174e-02 1.59058490e-02 1.38761591e-02 2.05402330e-02
  1.50800131e-02 2.07021043e-02]]
0.7898
Interation41training loss is 0.0656589922445973validation loss 0.06569631778865134
[[0 0 0 0 1 0 0 0 0 0]
 [0 0 0 0 0 0 1 0 0 0]
 [0 0 0 0 1 0 0 0 0 0]
 [0 1 0 0 0 0 0 0 0 0]]
[[8.46272389e-04 7.11987587e-05 2.84692234e-02 3.68739986e-02
  3.53794215e-01 9.55502395e-03 4.82653921e-03 4.58196742e-02
  1.51191844e-02 5.04624670e-01]
 [2.91881025e-04 1.24769126e-05 3.16425566e-02 1.39548896e-05
  3.18800512e-03 5.42411032e-04 9.59090749e-01 4.97046613e-04
  1.96431854e-03 2.75659986e-03]
 [8.08287174e-05 8.60596770e-05 6.63147522e-03 2.28818623e-04
  9.12291864e-01 5.35250234e-04 1.83675005e-02 9.83608389e-03
  7.57050360e-05 5.18664141e-02]
 [3.87456883e-04 8.38449540e-01 5.63709385e-02 3.25230881e-03
  1.66169901e-02 1.55379931e-02 1.37229610e-02 2.02295958e-02
  1.47577729e-02 2.06744430e-02]]
0.7918
Interation42training loss is 0.06512601410986321validation loss 0.0651694841539437
[[0 0 0 0 1 0 0 0 0 0]
 [0 0 0 0 0 0 1 0 0 0]
 [0 0 0 0 1 0 0 0 0 0]
 [0 1 0 0 0 0 0 0 0 0]]
[[8.11226311e-04 6.79411082e-05 2.75505193e-02 3.57112031e-02
  3.65524715e-01 9.73443318e-03 4.74966252e-03 4.47014449e-02
  1.50535280e-02 4.96095327e-01]
 [2.70058727e-04 1.18916712e-05 3.06226645e-02 1.24423526e-05
  3.06309836e-03 5.11259217e-04 9.60646993e-01 4.58257839e-04
  1.86560311e-03 2.53773175e-03]
 [7.83709161e-05 8.13164528e-05 6.46997939e-03 2.27835600e-04
  9.15216244e-01 5.23072843e-04 1.82781161e-02 9.23434715e-03
  7.33638907e-05 4.98173537e-02]
 [3.73091229e-04 8.40328469e-01 5.59763901e-02 3.24219999e-03
  1.63125998e-02 1.51827704e-02 1.35790357e-02 1.99176851e-02
  1.44560736e-02 2.06316854e-02]]
0.7935
Interation43training loss is 0.06461191180463666validation loss 0.06466000295772244
[[0 0 0 0 1 0 0 0 0 0]
 [0 0 0 0 0 0 1 0 0 0]
 [0 0 0 0 1 0 0 0 0 0]
 [0 1 0 0 0 0 0 0 0 0]]
[[7.75397124e-04 6.52367172e-05 2.66510842e-02 3.46216837e-02
  3.77132751e-01 9.93123308e-03 4.68155150e-03 4.37414780e-02
  1.50383145e-02 4.87361271e-01]
 [2.51033193e-04 1.13394951e-05 2.96550659e-02 1.11983331e-05
  2.95021409e-03 4.83986631e-04 9.62087724e-01 4.24322427e-04
  1.77767834e-03 2.34743783e-03]
 [7.57060193e-05 7.70441329e-05 6.32384191e-03 2.26565433e-04
  9.18079481e-01 5.09617962e-04 1.81162133e-02 8.67364736e-03
  7.10165529e-05 4.78468665e-02]
 [3.58919145e-04 8.42191463e-01 5.55516334e-02 3.23257121e-03
  1.60135431e-02 1.48408497e-02 1.34461329e-02 1.96091702e-02
  1.41768013e-02 2.05789158e-02]]
0.7949
Interation44training loss is 0.0641126398600693validation loss 0.06416648757714638
[[0 0 0 0 1 0 0 0 0 0]
 [0 0 0 0 0 0 1 0 0 0]
 [0 0 0 0 1 0 0 0 0 0]
 [0 1 0 0 0 0 0 0 0 0]]
[[7.38558989e-04 6.30954934e-05 2.57559451e-02 3.35871989e-02
  3.88715813e-01 1.01532165e-02 4.62631069e-03 4.29558383e-02
  1.50971775e-02 4.78306846e-01]
 [2.34099202e-04 1.08057971e-05 2.87241192e-02 1.01549909e-05
  2.84436747e-03 4.59363838e-04 9.63447259e-01 3.93858176e-04
  1.69678303e-03 2.17918902e-03]
 [7.28844416e-05 7.31834484e-05 6.18937805e-03 2.24712876e-04
  9.20952378e-01 4.94496277e-04 1.78736569e-02 8.14671256e-03
  6.86094218e-05 4.59039879e-02]
 [3.45098243e-04 8.44016786e-01 5.51073738e-02 3.22350157e-03
  1.57206109e-02 1.45120065e-02 1.33267643e-02 1.93095981e-02
  1.39199328e-02 2.05183280e-02]]
0.797
Interation45training loss is 0.06362530396354663validation loss 0.06368739095183366
[[0 0 0 0 1 0 0 0 0 0]
 [0 0 0 0 0 0 1 0 0 0]
 [0 0 0 0 1 0 0 0 0 0]
 [0 1 0 0 0 0 0 0 0 0]]
[[7.00122603e-04 6.15728474e-05 2.48379769e-02 3.25829036e-02
  4.00471858e-01 1.04173284e-02 4.59040632e-03 4.23718795e-02
  1.52719515e-02 4.68694001e-01]
 [2.18739689e-04 1.02806542e-05 2.78170040e-02 9.26381778e-06
  2.74200042e-03 4.36468795e-04 9.64752069e-01 3.65923408e-04
  1.62013421e-03 2.02811627e-03]
 [6.99909224e-05 6.96804087e-05 6.06142963e-03 2.21892937e-04
  9.23926065e-01 4.77322205e-04 1.75417178e-02 7.64539866e-03
  6.60833230e-05 4.39204188e-02]
 [3.31741559e-04 8.45797486e-01 5.46501125e-02 3.21495009e-03
  1.54312743e-02 1.41948381e-02 1.32230325e-02 1.90236093e-02
  1.36839497e-02 2.04490060e-02]]
0.7983
Interation46training loss is 0.06314809041995935validation loss 0.06322131771007027
[[0 0 0 0 1 0 0 0 0 0]
 [0 0 0 0 0 0 1 0 0 0]
 [0 0 0 0 1 0 0 0 0 0]
 [0 1 0 0 0 0 0 0 0 0]]
[[6.59656998e-04 6.07955031e-05 2.38648036e-02 3.15760886e-02
  4.12715791e-01 1.07481676e-02 4.58301934e-03 4.20163774e-02
  1.56213819e-02 4.58153918e-01]
 [2.04584782e-04 9.75795200e-06 2.69236219e-02 8.49044805e-06
  2.64078181e-03 4.14645687e-04 9.66021801e-01 3.39908002e-04
  1.54581662e-03 1.89059162e-03]
 [6.71085571e-05 6.64981239e-05 5.93511991e-03 2.17674389e-04
  9.27101551e-01 4.57674810e-04 1.71078644e-02 7.16119654e-03
  6.33789825e-05 4.18219329e-02]
 [3.18906474e-04 8.47539344e-01 5.41839464e-02 3.20685224e-03
  1.51410779e-02 1.38863172e-02 1.31360522e-02 1.87539658e-02
  1.34661970e-02 2.03673412e-02]]
0.8007
Interation47training loss is 0.0626800553879544validation loss 0.06276724046807133
[[0 0 0 0 1 0 0 0 0 0]
 [0 0 0 0 0 0 1 0 0 0]
 [0 0 0 0 1 0 0 0 0 0]
 [0 1 0 0 0 0 0 0 0 0]]
[[6.17574087e-04 6.09376874e-05 2.28085297e-02 3.05246073e-02
  4.25856108e-01 1.11708862e-02 4.61436445e-03 4.18832154e-02
  1.62077537e-02 4.46256024e-01]
 [1.91370311e-04 9.23443054e-06 2.60362507e-02 7.81054652e-06
  2.53927484e-03 3.93463467e-04 9.67270715e-01 3.15422551e-04
  1.47260560e-03 1.76385249e-03]
 [6.42951808e-05 6.36304242e-05 5.80789369e-03 2.11643875e-04
  9.30573651e-01 4.35127676e-04 1.65547703e-02 6.68611295e-03
  6.04496179e-05 3.95424248e-02]
 [3.06596288e-04 8.49257783e-01 5.37123289e-02 3.19917869e-03
  1.48449973e-02 1.35818577e-02 1.30653242e-02 1.85009243e-02
  1.32630988e-02 2.02679111e-02]]
0.8021
Interation48training loss is 0.06222110580076899validation loss 0.06232479640285607
[[0 0 0 0 1 0 0 0 0 0]
 [0 0 0 0 0 0 1 0 0 0]
 [0 0 0 0 1 0 0 0 0 0]
 [0 1 0 0 0 0 0 0 0 0]]
[[5.75769544e-04 6.20525972e-05 2.16653788e-02 2.93837145e-02
  4.40273543e-01 1.16893135e-02 4.68799429e-03 4.18606965e-02
  1.70461265e-02 4.32755411e-01]
 [1.78905168e-04 8.70924359e-06 2.51500792e-02 7.20703882e-06
  2.43663557e-03 3.72711265e-04 9.68507906e-01 2.92207674e-04
